-17.658	14.987639033241294	15.10640636293373	15.228878460377917	15.347840696977045	15.46062090327681	15.228106098900044	0.12165352171209692
-17.608	14.987639033241294	15.10640636293373	15.228878460377917	15.347840696977045	15.46062090327681	15.228102840250612	0.12165524699396203
-17.558	14.987639033241294	15.105438575462571	15.228828460808181	15.347634994801679	15.46062090327681	15.22783460929705	0.12177039874748029
-17.508	14.984551152006405	15.104243647868488	15.227252078511711	15.347140586112356	15.460101803214252	15.226498971191669	0.12272235814290727
-17.458	14.966267110006285	15.096870522168068	15.22300663201641	15.344081601347266	15.459373506038567	15.220485011220061	0.1265671524212656
-17.408	14.909289600170355	15.074823838346093	15.211123671002369	15.336285036608471	15.451285662422205	15.204390766932653	0.1375672261450643
-17.358	14.810772115234354	15.011306318555862	15.178219630411185	15.317133196441654	15.441788246491171	15.1642375780248	0.16013979146587837
-17.308	14.69124384752461	14.89992248750664	15.103480920426854	15.272753445705742	15.414810580526499	15.088070781019098	0.1873713011953021
-17.258	14.563501883410348	14.772433171107892	14.985526872187888	15.198591694505792	15.363126428534947	14.98242987508552	0.2081140390585793
-17.208	14.441578134008095	14.642883953970346	14.851888799482683	15.082017658340458	15.29622676162162	14.858771821450366	0.21802776212163458
-17.158	14.316120194204757	14.51278932731968	14.716523054942186	14.939656893464058	15.196802690688171	14.726579426166078	0.218628063531095
-17.108	14.192307654344525	14.383304281085445	14.582944622721921	14.797105014887658	15.051939167135012	14.591078013782257	0.21382690776922972
-17.058	14.06611196264268	14.252507995508418	14.447257086594147	14.655064970225338	14.894526006245583	14.454788437641337	0.20768674087665226
-17.008	13.935770666911392	14.120355895499085	14.313996442234771	14.513592154453242	14.741687362819063	14.318485163682665	0.20235944562946798
-16.958	13.80603974374122	13.98808010025805	14.178950181655189	14.373447754418251	14.587032059311975	14.182181889724022	0.1979523893235087
-16.908	13.676721227332687	13.853476536723718	14.045415327684479	14.235049377580511	14.436442942497841	14.045878615765313	0.19452812636281339
-16.858	13.53413826549762	13.718323318747501	13.910118304056576	14.095971638971603	14.29486118284736	13.909575341806663	0.1921392093183683
-16.808	13.398280402814978	13.584355615476005	13.774412922144869	13.958847476279963	14.149278395985428	13.773272067847968	0.19082452639183747
-16.758	13.260656783490171	13.445817516977348	13.639483621263484	13.82109188354671	14.009711630963984	13.636968793889293	0.19060630706188836
-16.708	13.115353597339107	13.309916520774609	13.504589998370555	13.68713763189648	13.873831302496859	13.500665519930577	0.19148829994230201
-16.658	12.970949326744623	13.172129425003012	13.368948728161968	13.553131545233436	13.738721523603253	13.364362245971943	0.19345545751344279
-16.608	12.82636919154206	13.032693079982224	13.233459001179625	13.419506035030759	13.601383052750018	13.228058972013248	0.19647518767671032
-16.558	12.675781578792888	12.891214371510186	13.098170532890242	13.287438523882019	13.46693154881105	13.09175569805459	0.20049993767425942
-16.508	12.530363950643213	12.749665502565119	12.962313807297907	13.154832514890398	13.339293903171843	12.955452424095895	0.2054706571413192
-16.458	12.378306976387204	12.607173583965688	12.826762163173843	13.027196637193713	13.213448168355928	12.819149150137186	0.21132060284957932
-16.408	12.22239959059214	12.46417418458282	12.692136478884066	12.89822963363263	13.086716604636413	12.68284587617849	0.2179789983811603
-16.358	12.071156290009133	12.321892079627567	12.55661327532017	12.770495632193287	12.960549740269483	12.54654260221985	0.22537420124255247
-16.308	11.917783849159154	12.177722442401544	12.421924715952017	12.644014544864884	12.833107663151718	12.41023932826111	0.23343619629377124
-16.258	11.764568591347146	12.032982986061363	12.286257033618323	12.516782420480281	12.709161885693108	12.273699380770243	0.24290534252073026
-16.208	11.592373332047641	11.889269509449974	12.150839023592058	12.389641830827909	12.58918897329433	12.129115869401561	0.30988004445686357
-16.158	11.060068892309834	11.74214136023366	12.015009338694142	12.263889515670803	12.466886924963374	11.957486221679792	0.5422514221674005
-16.108	9.877563490061114	11.57273509432971	11.880366436147012	12.138208533427793	12.34695087267588	11.72230249800248	0.9221984891411924
-16.058	7.484687156933137	10.939278195083258	11.7418070465734	12.013126360367346	12.228867241991988	11.332963327043387	1.483144140682166
-16.008	3.231288470338781	9.753607846287402	11.563654389187292	11.88625139457349	12.109901236379569	10.726037853229032	2.1244593504212603
-15.958	0.33421131532971526	8.110808859521137	10.855594213174228	11.756995238846633	11.989318615579883	9.855543824998335	2.771107233820994
-15.908	-0.13663486594455246	6.187013721998681	9.853564630064193	11.587861904529385	11.869574840677828	8.810878661819615	3.2670174093880924
-15.858	-0.40388856931211814	3.8744804993405517	8.801458386758593	10.911960193723157	11.741635187809992	7.71432193726319	3.5437207237979758
-15.808	-0.6038809592718267	1.3532254438530924	7.691727352065945	10.006428521352051	11.519314510398418	6.618647165353784	3.6207561558713266
-15.758	-0.7610648661128472	0.5902674978031488	6.569902073265929	9.17621650222828	10.701454571212738	5.612322217952455	3.5824535830272555
-15.708	-0.900826333976139	0.21748190237217618	5.480583138299142	8.436049610857022	9.983695979707877	4.725739881848576	3.491459125060334
-15.658	-1.0000231178398864	-0.02024242022480064	4.3028942297401125	7.757555211103334	9.394552193067012	3.972443069525662	3.36268268433899
-15.608	-1.1057334275034643	-0.2001836270199126	3.162422982945877	7.07498219479504	8.874051655944088	3.325773877113431	3.204363151850482
-15.558	-1.201247653432833	-0.34620761147341217	2.07923536775914	6.39095917716545	8.46046502375061	2.7606288328894024	3.0349180196411614
-15.508	-1.2949343551306898	-0.4840002684036785	1.2077335520986874	5.735702192503584	8.04760339326888	2.264151135494364	2.861108427036469
-15.458	-1.388582398207754	-0.6019358776012632	0.6823550755775977	5.067782558162376	7.648188264328814	1.8276262128328091	2.6879164999077942
-15.408	-1.4892840817394188	-0.7250456610891725	0.38545403234192266	4.448671967084627	7.24766694662536	1.4448851863826415	2.518325751919331
-15.358	-1.5974756110307191	-0.8403216226142103	0.1724899701753036	3.807047967009386	6.827702282338476	1.1073728680008312	2.3554298064456414
-15.308	-1.7026614957160506	-0.959558190891965	0.0060109707908315435	3.1809720753984783	6.446727626647316	0.8091959249488159	2.2018294250485035
-15.258	-1.8120248607829998	-1.071362793755602	-0.1526501744292629	2.5378991400069686	6.055184989739724	0.54303283442606	2.0590188873160447
-15.208	-1.914954861875254	-1.1744006864554029	-0.29087056840175896	1.9216343903412634	5.673109689659876	0.306348557273422	1.9275598390928776
-15.158	-2.0412518135763573	-1.2797472205396467	-0.4144976102967026	1.4131834059439425	5.287737639498874	0.09122074712123047	1.8083635374468814
-15.108	-2.163945833369716	-1.389377378434817	-0.5451491589935624	0.9432306149717696	4.891843381182008	-0.10438561132790386	1.700879350439414
-15.058	-2.2817769486639463	-1.5115859939100555	-0.6700455559201104	0.6668380052739908	4.509494176003206	-0.2869200559345998	1.6036333922622634
-15.008	-2.4020730286186125	-1.6252509089971083	-0.7949731923972441	0.4537635688299882	4.118873345289704	-0.45985794629126986	1.5158437158047184
-14.958	-2.5275150846193495	-1.740594478559292	-0.9229726183226185	0.2511097409860074	3.7296952850988174	-0.6250640483842321	1.4366815194920641
-14.908	-2.6616450750688325	-1.859505488525537	-1.0352493603439643	0.07290203911108721	3.360996306576289	-0.7855555208544729	1.365120510066766
-14.858	-2.803109224576071	-1.9839828283444731	-1.1526424710710854	-0.10236735904468085	2.969731536410466	-0.9420511728940041	1.3012837034154165
-14.808	-2.941142472520762	-2.101319524941575	-1.2650495004354139	-0.26279791297010824	2.5653104230406285	-1.0947048652739921	1.2460581027504951
-14.758	-3.08514204492269	-2.2281355262604277	-1.3844633007353107	-0.41224408406617363	2.1939032531620946	-1.2441421498370528	1.1992397087026727
-14.708	-3.2354886324011427	-2.3598739830749604	-1.5036852692160327	-0.556707915548348	1.8471551893944826	-1.390753241337034	1.1600179721379154
-14.658	-3.3921357347924648	-2.490895214785056	-1.6199900035323638	-0.6864941921943215	1.4740451880980512	-1.53511862519112	1.1268782957329553
-14.608	-3.5461466939651918	-2.631557160201471	-1.7426325090697807	-0.8175626085477445	1.0985358950528794	-1.67743819611067	1.0987382241723498
-14.558	-3.730540667875782	-2.7718642940317526	-1.8640215534575801	-0.9591742723783306	0.8009298806581112	-1.8180026893435557	1.0747486873726508
-14.508	-3.86403526858892	-2.9111722210982243	-1.986863248214275	-1.07895455760968	0.5075402255513785	-1.9572949839304685	1.0551954364194078
-14.458	-4.013709999347929	-3.06209025947677	-2.107960267301644	-1.2084023819019358	0.20349179186626742	-2.096001130918121	1.0388853213791551
-14.408	-4.172817773166585	-3.205664475018618	-2.239023248520084	-1.326151317580041	-0.03156534739543162	-2.233835644830216	1.0270507096425634
-14.358	-4.309246647832564	-3.3439898624807327	-2.3629031869177695	-1.4384908301136097	-0.2434411234028249	-2.3707772481994636	1.0197669040026232
-14.308	-4.476050000317125	-3.4796552079092837	-2.499849725367799	-1.5697018497561286	-0.46453556402095536	-2.5067766927590487	1.015192014395072
-14.258	-4.648394265536855	-3.63089959583578	-2.63282397915724	-1.6881737438587847	-0.6749188307884719	-2.6421274978559524	1.0134078199403864
-14.208	-4.812962162047473	-3.7748215475103484	-2.7622508990617884	-1.800158999964269	-0.8156648862175139	-2.776095192577196	1.0154398128433149
-14.158	-4.986352290707689	-3.906048746257025	-2.8893359460472308	-1.917779116978216	-0.9774623506318797	-2.907449808755628	1.0203819708204764
-14.108	-5.117941570952283	-4.048517973645444	-3.0098189174141465	-2.025290817080007	-1.0746775557401023	-3.033165220938209	1.0268124969555645
-14.058	-5.236043502596994	-4.162324928635075	-3.1250785177073173	-2.132305852819416	-1.1643528205545308	-3.1478140894738615	1.0324972651910045
-14.008	-5.323003755191	-4.275068068564527	-3.223813251636762	-2.2260586795266883	-1.2765797274243642	-3.247316547583694	1.0368128600469444
-13.958	-5.41770899209235	-4.356338865509609	-3.3058246070306563	-2.2915525271356665	-1.353597399469196	-3.3253515076443096	1.0380281155082107
-13.908	-5.454463527100019	-4.404979360087763	-3.368428265652194	-2.34408969412032	-1.3892724282701303	-3.3746967092027553	1.0359935825555013
-13.858	-5.461332925383342	-4.439721834617187	-3.39855520427549	-2.348647197014487	-1.3970015728040894	-3.3940394331294192	1.0361406962381285
-13.808	-5.448750939000015	-4.421615944858501	-3.377933756464735	-2.340796729427252	-1.3783820396794182	-3.38251408053194	1.0412293236843497
-13.758	-5.41770393259372	-4.396839404205688	-3.3247115262409306	-2.288972068650246	-1.311824141930873	-3.337424149335216	1.0509983743396558
-13.708	-5.381595522180173	-4.3187186939945015	-3.2260534479734835	-2.201020403021246	-1.2417170705679634	-3.2546289783179043	1.0621494559856397
-13.658	-5.330500423941769	-4.207802886297823	-3.0860557379241254	-2.0765519063109332	-1.1463862043578588	-3.1378285838061277	1.0728436797801006
-13.608	-5.2321847798939185	-4.058515724252139	-2.9109942333550025	-1.9387416629797258	-1.013152228537319	-2.9865909965132493	1.0747943289833692
-13.558	-5.0483976361031235	-3.8678715311727365	-2.7352651521720963	-1.7604823010137853	-0.8755578972963275	-2.8019483562938303	1.0625122992587106
-13.508	-4.834454494039328	-3.628944887893649	-2.523777070280539	-1.5829190967379219	-0.7233482712715971	-2.5945051825766554	1.0396626336119228
-13.458	-4.538048425332696	-3.35246280738361	-2.301247988232652	-1.4045058517806293	-0.5433102221078709	-2.3688037403057187	1.0056039447240013
-13.408	-4.209409770525544	-3.0681355706076854	-2.079258458569459	-1.210233959137422	-0.33518919617823706	-2.1330416340946647	0.9684215120913152
-13.358	-3.8836115516346004	-2.788131628717282	-1.8484872378269972	-0.9948422208633537	-0.11828359418313691	-1.8936073840999537	0.9386260615419991
-13.308	-3.5558756603179664	-2.519551299554476	-1.632529179913482	-0.7888925570668832	0.13048063685014416	-1.653191618615206	0.9149998375188408
-13.258	-3.2533336032165265	-2.2695308672736245	-1.3995958802416704	-0.5601651577035054	0.36740841104488253	-1.4132165083929684	0.9011160693300365
-13.208	-2.93470403537226	-2.0260857890388535	-1.1860285563165751	-0.3350137403444027	0.6232741782854214	-1.173798106369914	0.8985835695638335
-13.158	-2.6499449356386493	-1.796950751144447	-0.9571644658802938	-0.08776862742476281	0.9544160153216744	-0.9336606001145381	0.9091314510700568
-13.108	-2.4038355072364137	-1.5848142222793367	-0.7320495302438631	0.1862932704870537	1.286227007026789	-0.692532465982804	0.931592963894878
-13.058	-2.183843596954077	-1.380045433043351	-0.5032379957348703	0.48367785602439695	1.6714666747430775	-0.4463052472327167	0.9690769625473229
-13.008	-1.9418926122223037	-1.1814938918797653	-0.26828008545189186	0.8117462336986359	2.1032857048344797	-0.18620511914716217	1.025902097164924
-12.958	-1.737699827916981	-0.9735532263500247	-0.02224992151962376	1.217296953446061	2.5315728650741356	0.0971253008808657	1.1048349558118942
-12.908	-1.5693291003137178	-0.7771966678663967	0.25798559804328136	1.683090120428968	3.0185738949068583	0.41329446632919353	1.2045598922780425
-12.858	-1.4041927196531678	-0.551857100631971	0.6149342460154879	2.1894809861730846	3.5636240621138855	0.7747281774614461	1.321317196427908
-12.808	-1.2215286255839801	-0.3083755931742675	1.0622978188457854	2.7361028521464315	4.152376768671882	1.1946918506448279	1.4515646666011741
-12.758	-1.026561366259557	-0.014741163503204851	1.663322297072008	3.3611821553625525	4.873480146922454	1.6975797708091458	1.5880529864469006
-12.708	-0.7876050245943589	0.4691802028393908	2.303546052936891	4.058790274655128	5.847543762133351	2.3119161410481586	1.722139989628963
-12.658	-0.5345900610569783	1.0902842998387028	2.9517701292211234	4.917203793656423	6.564290325493425	2.9916108968846222	1.834936518342456
-12.608	-0.21781806987705132	1.8109874630131226	3.6023485703272105	5.7919508613530555	6.768895297196511	3.625920456228596	1.8514512162275705
-12.558	0.14408624294177133	2.445114178181606	4.203851378194985	6.251823557564233	6.817055886853133	4.202951970264289	1.7817586033677593
-12.508	0.7729900846863123	3.0197704446668454	4.849389068092247	6.439187996802723	6.882738130592698	4.700393804975537	1.6644793528957942
-12.458	1.5382133779301148	3.5463541829549543	5.4905900868776065	6.535590565792816	6.920577999075222	5.1017491860504345	1.5302872911144294
-12.408	2.204327800629717	4.042648436249152	5.956020009786808	6.5988485730406845	6.939247477128872	5.427877169871315	1.3558684072095097
-12.358	2.8040050791349156	4.5250415470730685	6.14665578521785	6.621991688904114	6.9604284543326145	5.683923677663783	1.1791747935205823
-12.308	3.318485745367483	4.970474617185824	6.238258093877934	6.642385828242393	6.968417266371998	5.889668285269126	1.0145438969851543
-12.258	3.8182501608921657	5.41019493208707	6.3068696520104055	6.663376654476072	6.968728199198778	6.053967651630107	0.8585129118313517
-12.208	4.237124100859081	5.728802535936507	6.350483548709637	6.676600767435381	6.969331345485993	6.173870105505669	0.7043961844547821
-12.158	4.654084693227824	5.893298623270977	6.377273834421857	6.687540550956065	6.977779675353324	6.255062216234577	0.5857220669983586
-12.108	4.972000130194653	5.964576531277844	6.3943213412166315	6.690723367610571	6.9879732078272925	6.301448953012382	0.4988696192807433
-12.058	5.17845402431495	5.984736356793968	6.399834922427898	6.689591961485159	6.986615422560009	6.320585185295837	0.4533531612130482
-12.008	5.215800937773461	5.9688759350818	6.396605560804461	6.6842121265429455	6.97568854640224	6.3202181706733835	0.43584322411271725
-11.958	5.195999846174158	5.9350309164560935	6.382976649182225	6.680799263801128	6.9667157170975935	6.305917518781525	0.4397952452650022
-11.908	5.097723243584924	5.890592409028355	6.367885646735367	6.67948616963415	6.961499310806562	6.281513649291878	0.46402357718075
-11.858	4.973293489608783	5.8088433554187135	6.35214092822808	6.668424321956313	6.958556303608543	6.2470437090881825	0.5030897588429974
-11.808	4.811196818864575	5.706280918557091	6.326467098632129	6.665540668028134	6.95510694934908	6.200567378510697	0.5527913736329498
-11.758	4.6238274649564035	5.564577534841599	6.294328053009422	6.653756502959596	6.9583336303135	6.143626769326006	0.6110896556346495
-11.708	4.39772069197615	5.424731921300488	6.248631109770028	6.640406635264328	6.961828249923661	6.074202933115199	0.6760320875469324
-11.658	4.17117757086343	5.2710228421733705	6.189926826177931	6.6274225871011145	6.94963145217233	5.99040145058153	0.7447438184199532
-11.608	3.8778703168967934	5.095887551813725	6.109752903894995	6.601102467273093	6.9449554500070585	5.890270904647693	0.8169070291893421
-11.558	3.5227537648232197	4.9129458562806585	5.994452060987911	6.564682206972599	6.954758139032774	5.768980758136203	0.8923871119189708
-11.508	3.1942821829747396	4.700477590241421	5.835286140535362	6.521188612594504	6.932436163003768	5.625572284918482	0.9715607272084633
-11.458	2.824102680284816	4.482023303518885	5.638511236529932	6.448411019946072	6.897720766762506	5.455558653429749	1.0481362465219088
-11.408	2.3996626176891747	4.235063852106182	5.425528000570076	6.342052119430604	6.840066956831194	5.257067572996273	1.1258773818741796
-11.358	2.0154555616994463	3.926568629316642	5.197508365742571	6.1845164825197285	6.774772935913475	5.024657207378939	1.2056854934618915
-11.308	1.55837391284809	3.5505082319015413	4.948381965746249	5.954326151686085	6.651025683432477	4.750533312758546	1.2867570106023853
-11.258	1.0683377500021907	3.1154614013454247	4.670156224300338	5.698599578410255	6.436304939531839	4.428046323649409	1.3803473386054121
-11.208	0.5191406789352803	2.4781611789674707	4.362968726113799	5.46415582608075	6.177230702111427	4.039663816736659	1.5150335326201991
-11.158	-0.4593921077158279	1.6135991945711659	3.965756380654814	5.2513667530088695	6.002280705908685	3.552876161909241	1.7559883647808863
-11.108	-1.5068420947208596	0.6451955042267736	3.406037734436304	5.038309924652086	5.833945447228897	2.9635718661884405	2.0572231935381686
-11.058	-2.158483145283199	-0.3094791079403342	2.57490611969511	4.80760624066303	5.67439873153582	2.34019894428586	2.3132881506228586
-11.008	-2.5693009489177285	-1.0439772745436289	1.6797076999300868	4.578362041009036	5.5428667721914495	1.759670598304139	2.4705683832410155
-10.958	-2.8234841750478012	-1.5530334732432471	0.8119055178867647	4.342242295770925	5.422508264885518	1.2175895437540767	2.5496244579088163
-10.908	-2.9757914107365564	-1.8473066536721328	0.0507129586359365	3.979164716255714	5.263536585316012	0.6770649149138195	2.5175929189519435
-10.858	-3.1311050953726975	-2.115849596668482	-0.7157722083396967	3.130189604545517	5.035340220710709	-0.0014387401873767515	2.3367136176311227
-10.808	-3.244386060117162	-2.3358256647960047	-1.255036958197377	0.9297569392345998	4.698193269044357	-0.6931796674394788	2.029063835718476
-10.758	-3.365682217284251	-2.536306704089226	-1.6313189324690658	-0.38660412167953123	3.89622367459936	-1.3226557906161034	1.5750264030601944
-10.708	-3.4530418967006677	-2.7143275020036612	-1.8801111166264297	-0.8760201810852473	1.0006343369186026	-1.728905767557731	1.213420392164442
-10.658	-3.5721138478080956	-2.8653485210393947	-2.0887237010481354	-1.2142412330367047	-0.22777571049152293	-2.0113018593995458	0.9575529739505889
-10.608	-3.708427281871207	-3.023160303157593	-2.2858180010654374	-1.4892309245122286	-0.7310924070298664	-2.256874871929601	0.7737188866106433
-10.558	-3.8517437284217366	-3.1993612630284463	-2.474009096397154	-1.7502803133836757	-1.0305729326521345	-2.4662942600248843	0.7266982467167792
-10.508	-4.031691807032428	-3.389708127540314	-2.665101239562077	-1.9894597729928847	-1.281528887465629	-2.674045636945042	0.7003181204720585
-10.458	-4.243798553989939	-3.587187037156528	-2.8661077478064323	-2.206478060161762	-1.5382086140144287	-2.881686760142214	0.6906950248888187
-10.408	-4.468731332736673	-3.8080369289918368	-3.0638193009952275	-2.4024196700113767	-1.757452547528022	-3.088947352925782	0.6982277109363073
-10.358	-4.727188594284145	-4.025953697083142	-3.269553816920909	-2.583923395751572	-1.9241395396109857	-3.293390736658146	0.7198383659358472
-10.308	-4.973910188707376	-4.252096680602983	-3.4759891770591516	-2.7610605414746696	-2.0356326587116165	-3.489329508236614	0.7489501670915321
-10.258	-5.231908273135477	-4.48420521606167	-3.6538211193647383	-2.901004878983754	-2.1335726367770294	-3.675268280731838	0.7882594997947509
-10.208	-5.397778234598399	-4.609708152396017	-3.7632463432574434	-2.984362837323862	-2.2288206046315504	-3.788293078313225	0.8108205695923185
-10.158	-5.240957589078841	-4.499779134721954	-3.6997885938522614	-2.960259640091858	-2.225941755800272	-3.7265022101560485	0.7776795490966509
-10.108	-5.061805090908255	-4.347850351753072	-3.5939221007434616	-2.882899243828833	-2.1935606825299216	-3.614925139878518	0.7375896124848855
-10.058	-4.906316578921671	-4.198487213433422	-3.4804428397892777	-2.79009213018787	-2.149164526893726	-3.496515522457331	0.7117206084488991
-10.008	-4.7769388477533985	-4.042144752176112	-3.3447222455104186	-2.684574688370024	-2.06670152747936	-3.367785547161593	0.6942851814564827
-9.958	-4.636280576230851	-3.866377763918483	-3.1912049907183166	-2.563197323102113	-1.9826348105909377	-3.224818541882055	0.6749685146720544
-9.908	-4.390152392460273	-3.678401124038871	-3.036698677944244	-2.433738613586031	-1.8908677664133036	-3.0637476692800534	0.6403893488915087
-9.858	-4.146621171371667	-3.486588159588151	-2.8781141092524023	-2.307229495203744	-1.76553755035804	-2.898552650334087	0.6046367932727725
-9.808	-3.9122727099521133	-3.3036261960029707	-2.719073099469159	-2.1734088032653522	-1.6315562824341556	-2.7333576313881243	0.5751892790557863
-9.758	-3.686056357164018	-3.11351362188828	-2.5553266439625175	-2.029463432020661	-1.510720870741372	-2.568162612442149	0.5530548644197004
-9.708	-3.4939607024427364	-2.932958448726899	-2.39324045987512	-1.8810331763691448	-1.3634744849382587	-2.4029675934962036	0.5391350301472847
-9.658	-3.299138751104665	-2.7643092639075775	-2.2315368948234413	-1.7186901654298992	-1.1801464999599685	-2.2377725745502244	0.5340724667698006
-9.608	-3.1444490731065935	-2.6011866029254644	-2.0732510558192327	-1.5547123316892144	-1.0012999687895132	-2.072577555604265	0.5381172178506154
-9.558	-3.002375371180009	-2.448476904584748	-1.9045278073397225	-1.3812667063757016	-0.800931437919179	-1.907382536658295	0.5510687814502269
-9.508	-2.8709079259505583	-2.3017630614386912	-1.7378065859422507	-1.1868731920608802	-0.5900915176820141	-1.742185811430166	0.5723248946753469
-9.458	-2.7465037261983962	-2.1711282410919757	-1.5765006981801348	-0.9866266984537074	-0.3727992836425879	-1.5761140422536155	0.6005941000035481
-9.408	-2.624840627794128	-2.026387414505075	-1.3947118461154	-0.7787565333620226	-0.1543442072348815	-1.3992641679291054	0.6296182225994791
-9.358	-2.4726839550924185	-1.8517089140875436	-1.1860315088714852	-0.552928721852976	0.08671858322730153	-1.200826728709357	0.6529923268360205
-9.308	-2.320897904155745	-1.6428822790068902	-0.9484568439884274	-0.3161827229291225	0.33106440032000994	-0.9763244881619538	0.6666207163857142
-9.258	-2.055867283851442	-1.3919635146851757	-0.6930536862991963	-0.07010878947156782	0.5739023053543959	-0.7247741760781287	0.6646746705982365
-9.208	-1.8233082236967515	-1.1186374973878346	-0.43233360333932525	0.17615356476568964	0.8136961791693726	-0.46430912583862455	0.6615059562331526
-9.158	-1.573115188433529	-0.8387675319071	-0.17515437929668437	0.4324663251034983	1.07657203472411	-0.20085878773654142	0.662575412533715
-9.108	-1.3053903670156188	-0.5667391470203312	0.07941171286386844	0.6922133488587391	1.3777927607572265	0.06686395017454107	0.66458387542026
-9.058	-1.0191719987428665	-0.30336512452849806	0.33872916577141565	0.9709930859778251	1.6861308135830477	0.3351069197041582	0.6746965802903756
-9.008	-0.7616473617019983	-0.04744410466081905	0.5966169577508703	1.2533775073263536	2.0231294404472195	0.6033498892337733	0.6934348564197228
-8.958	-0.49999997752698855	0.19630015546561783	0.852855134498764	1.5537650244057415	2.3800713815703816	0.871592858763381	0.7201256844437314
-8.908	-0.2647799834593997	0.43597468027027814	1.1048648122661535	1.8374773961224262	2.7411691666950357	1.139835828292996	0.7539249162540423
-8.858	-0.0435642122544785	0.6753384933409132	1.3586845770161569	2.1163958350639285	3.119985021830507	1.4080451430688332	0.7937408711580518
-8.808	0.19938477578421968	0.9077048786463804	1.6132566526411276	2.420038823528421	3.5567797012505964	1.6753725358833054	0.8345871619003332
-8.758	0.4320346048315632	1.136226734756532	1.861111583638843	2.724860602845334	3.972552346881255	1.9415589724872593	0.8754719047993725
-8.708	0.6480542159127897	1.358899836222633	2.116140260772087	3.034302169050834	4.386287795715764	2.2059295300166317	0.9141015191093423
-8.658	0.8463019628164726	1.5784456582362736	2.3667122468095565	3.3485445937076888	4.7970438972569855	2.468297402997355	0.9506758094575217
-8.608	1.0573073977576126	1.8015868300211837	2.618718536774084	3.6574458145201283	5.084865349591057	2.726976862162085	0.9815247379302119
-8.558	1.261234610640793	2.0180399499637174	2.8667358735014976	3.9660622780038945	5.317997469572907	2.9805854049449914	1.0042535271678734
-8.508	1.4712584548370464	2.2367384930492036	3.1177154070452584	4.278453977875855	5.436886181185566	3.2278223452720063	1.018125681631143
-8.458	1.6682220621288	2.4593708030034827	3.367366140136949	4.5945992221208	5.525438265735395	3.4667867346983083	1.0216483167188963
-8.408	1.8703149980110336	2.677363468389699	3.612015136281614	4.860598842337671	5.609945300278962	3.6956277591287963	1.014364922737998
-8.358	2.061915971163729	2.8869383949900858	3.863533200109443	5.054345049638563	5.697910455371534	3.914500373148451	0.9989994938381669
-8.308	2.2488469250846914	3.0972750532949553	4.1081218926552605	5.211635097559996	5.758456072305585	4.120363248944403	0.9733809633426805
-8.258	2.4483001078169364	3.308344983631092	4.354514005189657	5.334625916528746	5.820865674420682	4.311961136208122	0.9388286670412228
-8.208	2.6439862809863235	3.5170475634515186	4.59608879378854	5.4212853118473685	5.876194939318889	4.488619369662537	0.8965146656904308
-8.158	2.8207224280903755	3.7259801340392054	4.796604733081342	5.508135974758027	5.919126299773262	4.650480008074264	0.8489756553328566
-8.108	2.998618940259415	3.9360870892265325	4.953813426456792	5.57286294806167	5.9599038054961895	4.797138726227682	0.7979709438011809
-8.058	3.195170670442597	4.142917518473443	5.090022367773672	5.6275819519803685	5.998498234486842	4.928094676013358	0.7451174817723831
-8.008	3.3790203309570357	4.3462735762806295	5.190614175906286	5.67675260440964	6.03748061967312	5.044861437639478	0.692570725967984
-7.958	3.552281615046662	4.533602918400844	5.274013597445896	5.723130634798429	6.074530836225422	5.148304024577569	0.6413956466529442
-7.908	3.724796243387926	4.711535470016458	5.346632918208343	5.768287293966896	6.110016838342464	5.241016980187662	0.5933231670323786
-7.858	3.906187149033965	4.853610840454357	5.4161664354960255	5.811747192171859	6.139879859686626	5.324331299870992	0.5496161289945227
-7.808	4.080877379173059	4.96844818888733	5.479023417672514	5.854221012300786	6.174896168316079	5.400269327807962	0.5105616656628235
-7.758	4.248240571811106	5.068631575644791	5.5362744333822835	5.896606746422	6.20941711433675	5.470760469473534	0.474890042648468
-7.708	4.420354115231573	5.155538714432306	5.589341874456608	5.937816416094526	6.2452399608846	5.536924826569509	0.44342866577155743
-7.658	4.599371188857692	5.231173707829493	5.64395941580669	5.97928576056724	6.278958159102881	5.599017179623707	0.41654281105407875
-7.608	4.740020386521736	5.304206267798435	5.698236698538164	6.019852984107404	6.3153171654441635	5.658128723577473	0.3937865870879116
-7.558	4.865499128268134	5.375276284360734	5.75013506701754	6.063151290295276	6.3514961374127274	5.71534916913689	0.3747281029794848
-7.508	4.971412955729615	5.4400642380747675	5.800336106610139	6.104583433975829	6.391876404439481	5.771138176320755	0.3588179403046286
-7.458	5.068629358218886	5.505616844540456	5.852562537858634	6.148912857917245	6.441543908635347	5.8258746783468665	0.34552081239362725
-7.408	5.152192372591997	5.564811468788481	5.900516760156785	6.195290334024267	6.483357276461294	5.880145904716032	0.33432050599410373
-7.358	5.236743308018769	5.62577326083797	5.950090594594476	6.241187167962884	6.526953499936278	5.934040949826787	0.3252370734507018
-7.308	5.316792394030655	5.686952849963611	6.000676918603907	6.291905332677788	6.571194831210102	5.987819297882671	0.31792451676052175
-7.258	5.396744939797155	5.746388446368825	6.049730555018674	6.3398813953948325	6.632321595878916	6.0415838723386885	0.31214174945670536
-7.208	5.465968736139579	5.800090720478457	6.1032592972109985	6.389886012783906	6.688872824741164	6.095119632417329	0.30753194844487014
-7.158	5.525156176445783	5.85444274008069	6.15104304283256	6.440677433407277	6.746347711064009	6.1485536194948525	0.3045018551132845
-7.108	5.59065704734747	5.907476871458537	6.203131850031047	6.497399859640288	6.806003089143055	6.201827148611832	0.3029636145776308
-7.058	5.658670367071695	5.960124002646623	6.252246623023922	6.551812898067732	6.856336286873305	6.254739555052234	0.3026207049488868
-7.008	5.71203486649345	6.010508549871866	6.302265636692578	6.60550634737385	6.909845478494607	6.306857376099587	0.30268377774266836
-6.958	5.77170082451909	6.06153861686039	6.348869331733832	6.658943172416543	6.9701555580950645	6.358034912242392	0.3033624505554921
-6.908	5.827884556611137	6.107296299397338	6.3972735766945155	6.711499680395068	7.020474380247634	6.407907647263817	0.30441199285898635
-6.858	5.868548732153634	6.1541239992592915	6.445916569416991	6.762830774512538	7.070281985804453	6.455905247019583	0.3059651024603886
-6.808	5.913485231387415	6.200126930762833	6.490443242380482	6.808895528130327	7.114337943761368	6.500620412841118	0.30710174053310385
-6.758	5.957150004955171	6.241366245411966	6.53284407527082	6.849931621855527	7.157357777820663	6.541176667864848	0.3076829957974852
-6.708	5.982725017130747	6.275526249213585	6.570287714449723	6.885690510262551	7.190621673288552	6.576455571104674	0.30774885907767846
-6.658	6.011590583068076	6.305749059398213	6.596071651331241	6.917244213596902	7.220310867823137	6.60513597982391	0.3078651994886389
-6.608	6.023842082095424	6.321798309535069	6.615512905308176	6.9344334630522155	7.237215718343098	6.624939120987667	0.30771518388430313
-6.558	6.044486301782173	6.328504726785976	6.62448692205191	6.9386005764649665	7.245858162569218	6.6340334122906635	0.30688139242803575
-6.508	6.038225297866246	6.330387230437566	6.6273101333704725	6.941055162594375	7.236690637429277	6.632841575344442	0.3056587124310136
-6.458	6.0287049400816946	6.319726181906042	6.615891272749559	6.930495457834007	7.227435484978116	6.622498305125122	0.3039356335551046
-6.408	6.022054465859719	6.305186811553528	6.599014815737157	6.909787459353385	7.204814697503613	6.604689755974473	0.3015533708918544
-6.358	6.0066413456830965	6.287139670747911	6.574855168313619	6.882574024933065	7.179262980928032	6.582076170794028	0.2977296077666021
-6.308	5.991156628984552	6.268756742296124	6.5489776088178004	6.8525777881293894	7.147112111274536	6.557342820854498	0.2931067864950019
-6.258	5.976254195078107	6.248478009777003	6.52327453293176	6.820151560134345	7.113174048635065	6.5316691620578355	0.2880476374480692
-6.208	5.961764405134621	6.227399028135666	6.4983117176734355	6.786837960428854	7.074622291241672	6.5056457131705185	0.28286296510861725
-6.158	5.944393807719245	6.2055923232039305	6.472968612243012	6.755691364962667	7.034657399588475	6.479398724422139	0.27759852554582204
-6.108	5.924726784921546	6.181888703067309	6.448334047281666	6.7228225997341395	6.992305523671372	6.453122224325862	0.27245007407301397
-6.058	5.90619281349254	6.161804097843971	6.421695323931434	6.692367236986759	6.955595341251319	6.426845724229603	0.26743793665911975
-6.008	5.887377341352278	6.141580192482957	6.3954387081244235	6.6614524609154575	6.919556000592484	6.400569224133363	0.2625699196242864
-5.958	5.872721567134193	6.120305594938753	6.369299193559517	6.631496733391402	6.883415531057098	6.374292724037087	0.25785418562327345
-5.908	5.85595355289581	6.097860668013328	6.3431969363007505	6.5998294710133205	6.847276468997767	6.348016223940829	0.2532992400705124
-5.858	5.837060269460387	6.076205034652433	6.318428733072751	6.569545531334902	6.809430195944065	6.321739723844583	0.24891391006144475
-5.808	5.818180509390696	6.053796359265138	6.292359963370889	6.5380715113314505	6.77523109052515	6.295463223748321	0.24470731466136367
-5.758	5.802866317292215	6.030882770710776	6.267388446971797	6.506747399469547	6.740083983528279	6.269186723652081	0.24068882545808867
-5.708	5.78463558905137	6.00646458114499	6.241529470382184	6.47721621972971	6.707491590872569	6.242910223555805	0.23686801636551394
-5.658	5.765041773079931	5.983905592556189	6.214347496418725	6.449175150004545	6.675876865659822	6.216633723459542	0.23325460183754737
-5.608	5.745767134307158	5.96139775475152	6.188010617444597	6.420244762416968	6.643279265911219	6.1903572233632715	0.22985836292111017
-5.558	5.727649849842063	5.937506790818518	6.16219448731256	6.392329765929643	6.613092912998955	6.164080723267033	0.22668906095370595
-5.508	5.70696874736965	5.914552883100327	6.136778936609088	6.362618252253246	6.5812579830140185	6.137804223170788	0.22375633920024146
-5.458	5.684111272355915	5.89250454071823	6.111262120555927	6.333268446360009	6.546678712645001	6.111527723074516	0.22106961331995523
-5.408	5.6636860917261975	5.869264572973167	6.085217983017751	6.305571957258279	6.5173506450519705	6.085251222978262	0.21863795223953172
-5.358	5.639888034891071	5.8450982832062035	6.05959267456514	6.277490416051131	6.485599548873279	6.058974722882014	0.2164699517496077
-5.308	5.618354630489666	5.819285355835669	6.033545999594069	6.249661832617698	6.4502947660600976	6.032698222785719	0.21457360389008517
-5.258	5.594479547524561	5.793633042458545	6.008281012726199	6.221624128248591	6.419027876874579	6.006421722689482	0.21295616588209387
-5.208	5.571303257063313	5.76837134203635	5.979469880590612	6.193909459641335	6.390395915907142	5.980145222593244	0.21162403292855123
-5.158	5.548229570029229	5.743056589888407	5.9542557714663475	6.1656813135585065	6.3643150268701945	5.9538687224969635	0.21058261956678126
-5.108	5.523700157113087	5.71655681549484	5.929280651223204	6.137830576219637	6.337649614396964	5.927592222400725	0.20983625434893557
-5.058	5.495713871835697	5.690407189440188	5.904854753375956	6.110214723416336	6.3117562347443545	5.901315722304437	0.20938809240187226
-5.008	5.468489631672135	5.662642028451404	5.878320141288779	6.083010923455975	6.286474624720796	5.875039222208187	0.20924004985929223
-4.958	5.44282274678434	5.63535863217162	5.8516335471746	6.05796257893703	6.26390521892266	5.848762722111935	0.20939276328341394
-4.908	5.415169434281237	5.609094978969538	5.824534004908013	6.031904448349771	6.241110826231046	5.822486222015679	0.2098455760570826
-4.858	5.38126180818321	5.584144192616344	5.797681958893805	6.00754625657211	6.216425556171833	5.796209721919402	0.2105965524193452
-4.808	5.351117801805886	5.5564533482009635	5.770240173099517	5.98146319692517	6.192456372552065	5.769933221823157	0.21164251845038073
-4.758	5.322837109404014	5.529408495873885	5.743843881235977	5.956169204457062	6.171067701559676	5.743656721726906	0.21297912800564744
-4.708	5.292424303831713	5.5014929630377765	5.717326769703662	5.931412027364877	6.148039345527962	5.717380221630645	0.2146009504661902
-4.658	5.2615589610343525	5.474347332993832	5.688809900160585	5.907612498504871	6.123795085758569	5.691103721534373	0.21650157630109554
-4.608	5.232649930422299	5.447019706985516	5.66264067870811	5.8813493719152286	6.102976485642569	5.664827221438139	0.21867373588441344
-4.558	5.202962359794437	5.416801184011617	5.637035243373865	5.857019917954413	6.083958186316695	5.638550721341864	0.22110942678988987
-4.508	5.170209566817731	5.386433459931489	5.611456161175959	5.831849120821234	6.062302685322825	5.612274221245622	0.22380004488377908
-4.458	5.139958068902157	5.3582764905872295	5.585077171563421	5.809611818845679	6.0443784386807815	5.585997721149353	0.226736514901173
-4.408	5.1046459150397245	5.330215370771974	5.558573566771486	5.785900114306628	6.019707046178052	5.55972122105309	0.22990941675798848
-4.358	5.068860793211212	5.300556063317669	5.530521123159804	5.761945347942827	5.997172533329289	5.533444720956815	0.23330910454456635
-4.308	5.0377880413004945	5.273665991538849	5.505466344452932	5.738729964213519	5.977989809146154	5.5071682208605655	0.23692581589539058
-4.258	5.0030794191480625	5.24465982015693	5.478877448773295	5.716152511706523	5.9606294731722915	5.480891720764311	0.24074977017003882
-4.208	4.966951851199083	5.213595965355931	5.45317571954671	5.692986918664969	5.937747367870551	5.454615220668079	0.2447712545644944
-4.158	4.933170086385853	5.183346137756633	5.428118214186814	5.673092697471013	5.919173138114285	5.428338720571788	0.24898069786661564
-4.108	4.901690647282543	5.1541725093394435	5.402084087405749	5.650717213842648	5.900609014760304	5.40204110941122	0.2533954008788176
-4.058	4.862994181160386	5.121803418514461	5.374362959167545	5.6297543663642555	5.880865908038154	5.375147338201766	0.2581574210331923
-4.008	4.820960640167253	5.0859747623495455	5.3438359576275225	5.604497486536117	5.8597060166624235	5.344208865020227	0.26380102549867673
-3.958	4.766397507822442	5.042961324724696	5.309044376980726	5.576915978087382	5.837241220338745	5.30933173574236	0.27055265988958943
-3.908	4.709124007669617	4.985291253208085	5.257280474214511	5.531657485378601	5.804372448204893	5.258136545656669	0.27699509721530363
-3.858	4.6338516947004855	4.913075841277498	5.183192491462673	5.460357308286468	5.7376576289708625	5.185821984727143	0.2793084444654664
-3.808	4.556295615113637	4.82685527585171	5.091576077817127	5.369358627239977	5.65327494292604	5.097400627366673	0.2750129663394155
-3.758	4.483083573493387	4.742446961332345	4.999429826693968	5.272001948064624	5.550017418478504	5.00611639559606	0.26947551619682925
-3.708	4.401513460481212	4.657046694820206	4.906224321915165	5.170305091094847	5.440894875294274	4.912946726965854	0.2622391116195371
-3.658	4.323532625240616	4.570646168766173	4.814142611735413	5.068386526524998	5.330303409867094	4.819169649370164	0.2544659906445367
-3.608	4.245242670456571	4.484440673802661	4.720181957184356	4.9678398057782385	5.221442447806408	4.725392571774466	0.24706476254078896
-3.558	4.16417371466258	4.396960008988282	4.62639965478984	4.866723540533568	5.117048485315039	4.63161549417878	0.24006982556518372
-3.508	4.084538267331978	4.308632267902181	4.534796120953901	4.767635616488968	5.008559205216508	4.537838416583092	0.23351769347822143
-3.458	4.001722041100062	4.218205251314631	4.442991081038009	4.668730361243478	4.899695410503166	4.4440613389873915	0.22744663758958833
-3.408	3.9157977733691123	4.13132677132092	4.347955235663689	4.568267046824794	4.792978372964284	4.350284261391707	0.2218961479998251
-3.358	3.833191945687727	4.041129259235853	4.254985393312824	4.4687633297943306	4.685829820036982	4.256507183795992	0.2169061912588959
-3.308	3.7459821359688217	3.951842286904102	4.162435005181071	4.371662169379804	4.578337470797836	4.162730106200311	0.21251625556331288
-3.258	3.6621374652191245	3.8601062743840684	4.06963563484315	4.273491960262043	4.475336134933751	4.068953028604623	0.20876419643653352
-3.208	3.5739236520001505	3.7693433334333717	3.9772336244356072	4.178338069934955	4.376015187516762	3.975175951008925	0.20568492485318826
-3.158	3.48554254719352	3.678203007298802	3.8844072619364827	4.084061801290808	4.276459304121405	3.881398873413236	0.20330901276840121
-3.108	3.3929131337401546	3.5886192320753554	3.7909623959132155	3.9874584051260955	4.1785627619593555	3.7876217958175347	0.20166132201488646
-3.058	3.2994260391881705	3.497387494400103	3.6974234266541357	3.8918685619666067	4.0839600711897495	3.6938447182218517	0.2007597835315917
-3.008	3.2109722924825626	3.4023358975963975	3.6027575713142723	3.798752880363718	3.9879073416975093	3.600067640626152	0.20061445694027485
-2.958	3.1121361869865805	3.3083948154958542	3.5102964127941707	3.7052899713347456	3.896269478345383	3.506290563030464	0.2012269806615432
-2.908	3.014775111734733	3.210909392263782	3.416575515324941	3.615453325663147	3.8048125259776384	3.4125134854347605	0.2025904808272354
-2.858	2.915761218179636	3.1135571249134517	3.3215261566850818	3.5234969449679854	3.7147282508972745	3.3187364078390806	0.20468995056032882
-2.808	2.813442661571412	3.0171914250546474	3.227417704653284	3.432897230494863	3.6235860427592352	3.224959330243393	0.20750305193393936
-2.758	2.712778075048621	2.919736054462349	3.133355376870581	3.3438655647543345	3.532526311144722	3.131182252647688	0.21100124413457377
-2.708	2.6114589615454475	2.821056827479609	3.0405665805711473	3.2537320398971596	3.4457930024604564	3.037405175051993	0.21515111260160127
-2.658	2.5053913324550128	2.721367108438167	2.947868165618064	3.1657368626376523	3.359355967776141	2.9436280974563047	0.2199157685206
-2.608	2.403115522771353	2.6224660451987645	2.85355175354239	3.0751815215043647	3.272539079721751	2.849851019860605	0.22525620301610938
-2.558	2.298552918411436	2.5222875120339996	2.7579571107004544	2.988337388817569	3.18568618953678	2.75607394226492	0.23113250856033507
-2.508	2.190338651473455	2.4252243565764338	2.6643087499196625	2.902349260213122	3.1072626029547576	2.6622968646692358	0.2375049131965101
-2.458	2.081323163679126	2.325632804641376	2.5698117695196707	2.8150072500323717	3.028099879030969	2.56851978707353	0.24433460425101458
-2.408	1.9680547073659849	2.225334238548796	2.4761247359618936	2.725733070925431	2.948246510454599	2.4747427094778347	0.2515843429934549
-2.358	1.8584149161181205	2.1241433851759277	2.383772642180953	2.640311394718401	2.868709579940383	2.3809834451688636	0.2591832237729264
-2.308	1.768406641853878	2.0332310774583884	2.2945085420819495	2.5579326227755166	2.7874995362865214	2.2937756757677605	0.26245697880025726
-2.258	1.7170027977336129	1.9634864848835234	2.218352888842988	2.4791420719214794	2.7160201942403397	2.220695253589849	0.2576016125197067
-2.208	1.6595104667961522	1.9035989706603487	2.1530283339092584	2.4084314637246127	2.6483925709658642	2.154809204525626	0.2522128928721907
-2.158	1.6223390565015816	1.8575899960845066	2.100783809165418	2.3482816172748637	2.583631282523944	2.102420440566944	0.24634900173963506
-2.108	1.5869898021280324	1.815714663627299	2.054233273862873	2.2958770522685343	2.5262635947138117	2.0551054705104863	0.240820806944056
-2.058	1.551640547754483	1.7739520330491991	2.006650462182825	2.2433140596999728	2.4682994467310806	2.0078834701302135	0.23532676631124963
-2.008	1.5153576271793716	1.731930427267514	1.9591751830119206	2.1907056759406522	2.4092648685616234	1.9606614697499392	0.22983857822151474
-1.958	1.4776181610348982	1.6903386989004445	1.9117899928230058	2.138336298065353	2.3493388369361132	1.9134394693696726	0.22435667216804508
-1.908	1.4395559913930176	1.648414684058118	1.864540801541276	2.085696183579085	2.2920821474124335	1.866217468989409	0.21888152015372703
-1.858	1.4014938217511372	1.6065533554210565	1.817439874079573	2.033170230162503	2.2343906283074224	1.8189954686091319	0.2134136420061935
-1.808	1.3653445652036544	1.5654716539464058	1.7703399386776129	1.980009532333306	2.1763982017644237	1.7717734682288537	0.2079536114977172
-1.758	1.3286266389236236	1.523763770418645	1.723471621898025	1.9277549798977052	2.1190036811462747	1.7245514678485923	0.2025020634131755
-1.708	1.291684637631412	1.4814874490139878	1.676331264479563	1.8752430297555418	2.061448443002186	1.6773294674683268	0.19705970173858128
-1.658	1.2552353357979367	1.4392858073447443	1.629418298888479	1.8232178764806812	2.0043317795171567	1.6301074670880602	0.19162730917867077
-1.608	1.2176601511649465	1.3975049013663925	1.5821999665058033	1.7710969610708847	1.9472470126329946	1.5828854667077865	0.18620575825648314
-1.558	1.1800955115134817	1.3561719360243092	1.5348389153390956	1.7172465137744177	1.888832224636001	1.5356634663275166	0.180796024302915
-1.508	1.142590587223753	1.313948313843642	1.4884118638552204	1.664124957490249	1.8318532257019966	1.4884414659472502	0.17539920071272566
-1.458	1.1052889707699014	1.272147061456138	1.440736156162293	1.6118031213801611	1.773053310535558	1.441219465566977	0.17001651692891634
-1.408	1.0687896622768533	1.2304550539869186	1.3938084232165835	1.5590792100218507	1.7157979360917026	1.3939974651867046	0.16464935972445338
-1.358	1.0329877553173354	1.188190441249166	1.346240624835208	1.5064143482524661	1.6598545096270292	1.346775464806438	0.15929929848482952
-1.308	0.9944159783371266	1.1457612168350975	1.2987790143065414	1.4539972842971838	1.601317642717125	1.2995534644261664	0.15396811536451258
-1.258	0.9578806864396404	1.1035517089748814	1.2520117727173616	1.4011605044977313	1.5432561198264354	1.2523314640458978	0.14865784140466762
-1.208	0.9207255488891447	1.0619406948181493	1.2047184309109877	1.349296073463608	1.4857054068570057	1.205109463665627	0.1433707999710726
-1.158	0.8839158045404985	1.020023563754772	1.1575418851180939	1.2967799367514588	1.4290249401974688	1.1578874632853606	0.1381096592156023
-1.108	0.8487227467769021	0.9780723864071759	1.110256896532372	1.2432530036483596	1.371579263201675	1.1106654629050885	0.13287749570190124
-1.058	0.811528462541814	0.9364158665602615	1.0629505241829378	1.1910694502710188	1.3150660728704815	1.0634434625248195	0.12767787189024726
-1.008	0.774318400666686	0.8942060194855329	1.015767073975383	1.1388767495074865	1.2573434844203408	1.0162214621445516	0.122514930877385
-0.958	0.7367530980389144	0.8531216937557558	0.9678241422254079	1.0864390011142522	1.1998620341373305	0.9689994617642824	0.1173935126674936
-0.908	0.6989166512809607	0.8108759551816691	0.9207026162087881	1.0343198639794133	1.1422028883834625	0.921777461384015	0.11231929734462417
-0.858	0.6616345653454965	0.7683023263704032	0.8733229595290892	0.9826583444078268	1.084558206335327	0.874555461003744	0.1072989818526796
-0.808	0.6237315996448177	0.726526535091644	0.8263416688316423	0.9303124371518652	1.027533418519104	0.8273334606234735	0.10234049867138498
-0.758	0.5848594595297649	0.6834043761437057	0.7791313047495455	0.8780535470881982	0.9713290841857909	0.7801114602432053	0.09745328645586246
-0.708	0.5465369230298486	0.6412182829975943	0.7320031068637971	0.8262643529972363	0.9138864653320077	0.7328894598629362	0.09264862451673839
-0.658	0.5081534323591834	0.5992074848033118	0.6853324439124475	0.7734686226261792	0.8581040049356344	0.685667459482668	0.08794004446037763
-0.608	0.4709224416646296	0.5560132431580807	0.6376531066507405	0.7216683661679	0.8023487059837383	0.6384454591023964	0.08334383255884854
-0.558	0.4326426226071673	0.5128837599251633	0.5903864104519749	0.6704605445642517	0.7438050327696277	0.5912234587221276	0.0788796338895921
-0.508	0.3944462419598735	0.4697729890131321	0.5435891622452275	0.6184109379228913	0.6892345560430274	0.544001458341859	0.07457116111855375
-0.458	0.3555629772508629	0.4269990424331805	0.4967487840628728	0.5666011283725014	0.6333372017546428	0.4967794579615871	0.07044699219723312
-0.408	0.3153110039324409	0.38340254086448633	0.4498203030633103	0.5159233480280301	0.5770297850059547	0.44955745758131666	0.06654140485261241
-0.358	0.27650466581266603	0.3403030209000405	0.4031355093162998	0.46467848468574496	0.5231366922420624	0.40233545720104924	0.06289513193352898
-0.308	0.23700538109577785	0.29606916564475255	0.35617980990787446	0.41383784656411604	0.4704890829069827	0.3551134568207792	0.0595558216563863
-0.258	0.19519389522701341	0.2511085201407595	0.3090859552679664	0.3638183924795755	0.41761101144496593	0.30789145644051036	0.05657785234924604
-0.208	0.1514583413572176	0.20651212249715267	0.2621140105903596	0.31388145313111554	0.3636885670165344	0.26066945606024	0.05402101508481119
-0.158	0.10906605209993335	0.16160937988778473	0.21526462128824742	0.26451672208848076	0.31323360778075865	0.21344745567997012	0.051947530992225384
-0.108	0.06567112947669858	0.11607443033801695	0.16761072257043347	0.21541674215994483	0.2644622963369757	0.16622545529970184	0.0504170714405107
-0.058	0.020935184670528087	0.07013473788037229	0.11975540763481413	0.1678174791936967	0.21477388341002146	0.11900345491943157	0.04948005072896964
-0.008	-0.02472539404271616	0.023440341433167245	0.07202972494628646	0.1207359769585134	0.16566735834404442	0.07178145453916251	0.04917040734730374
0.042	-0.07181808919919905	-0.024531483151090702	0.024463104255835956	0.07376723246650477	0.11850593046748548	0.024559454158893143	0.049499916245511574
