10.888	0.000000516258500000000
10.889	0.000000533265500000000
10.89	0.000000550272500000000
10.891	0.000000564326000000000
10.892	0.000000578379000000000
10.893	0.000000592432000000000
10.894	0.000000606485000000000
10.895	0.000000620538000000000
10.896	0.000000628767500000000
10.897	0.000000636996500000000
10.898	0.000000645225500000000
10.899	0.000000653454500000000
10.9	0.000000661684000000000
10.901	0.000000670581500000000
10.902	0.000000679479000000000
10.903	0.000000688376500000000
10.904	0.000000697274500000000
10.905	0.000000706172000000000
10.906	0.000000715791000000000
10.907	0.000000725410000000000
10.908	0.000000735029000000000
10.909	0.000000744648000000000
10.91	0.000000754267000000000
10.911	0.000000754267000000000
10.912	0.000000754267000000000
10.913	0.000000754267000000000
10.914	0.000000754267000000000
10.915	0.000000754267000000000
10.916	0.000000728854500000000
10.917	0.000000703442000000000
10.918	0.000000678029500000000
10.919	0.000000652617000000000
10.92	0.000000627204000000000
10.921	0.000000593981000000000
10.922	0.000000560757500000000
10.923	0.000000527534500000000
11.085	0.000000516138000000000
11.086	0.000000544250500000000
11.087	0.000000572362500000000
11.088	0.000000600475000000000
11.089	0.000000628587500000000
11.09	0.000000656699500000000
11.091	0.000000679228500000000
11.092	0.000000701757000000000
11.093	0.000000724285500000000
11.094	0.000000746814000000000
11.095	0.000000769342500000000
11.096	0.000000825515500000000
11.097	0.000000881688500000000
11.098	0.000000937862000000000
11.099	0.000000994035000000000
11.1	0.000001050208000000000
11.101	0.000001153150000000000
11.102	0.000001256092000000000
11.103	0.000001359033500000000
11.104	0.000001461975500000000
11.105	0.000001564917500000000
11.106	0.000001634977000000000
11.107	0.000001705036000000000
11.108	0.000001775095500000000
11.109	0.000001845155000000000
11.11	0.000001915214000000000
11.111	0.000001888057500000000
11.112	0.000001860901000000000
11.113	0.000001833744000000000
11.114	0.000001806587500000000
11.115	0.000001779430500000000
11.116	0.000001773303000000000
11.117	0.000001767175500000000
11.118	0.000001761048000000000
11.119	0.000001754920500000000
11.12	0.000001748793000000000
11.121	0.000001821100000000000
11.122	0.000001893407000000000
11.123	0.000001965714000000000
11.124	0.000002038021000000000
11.125	0.000002110328000000000
11.126	0.000002182979500000000
11.127	0.000002255630500000000
11.128	0.000002328282000000000
11.129	0.000002400933000000000
11.13	0.000002473584500000000
11.131	0.000002528429500000000
11.132	0.000002583275000000000
11.133	0.000002638120500000000
11.134	0.000002692966000000000
11.135	0.000002747811000000000
11.136	0.000002853768000000000
11.137	0.000002959724500000000
11.138	0.000003065681500000000
11.139	0.000003171638500000000
11.14	0.000003277595000000000
11.141	0.000003363521500000000
11.142	0.000003449447500000000
11.143	0.000003535374000000000
11.144	0.000003621300500000000
11.145	0.000003707227000000000
11.146	0.000003745514000000000
11.147	0.000003783801000000000
11.148	0.000003822088000000000
11.149	0.000003860375000000000
11.15	0.000003898662000000000
11.151	0.000003939447000000000
11.152	0.000003980232000000000
11.153	0.000004021017000000000
11.154	0.000004061802500000000
11.155	0.000004102587500000000
11.156	0.000004175816500000000
11.157	0.000004249045500000000
11.158	0.000004322275000000000
11.159	0.000004395504000000000
11.16	0.000004468733500000000
11.161	0.000004667852500000000
11.162	0.000004866972000000000
11.163	0.000005066090000000000
11.164	0.000005265210000000000
11.165	0.000005464330000000000
11.166	0.000006286666081238340
11.167	0.000006610947921556290
11.168	0.000006935229761874260
11.169	0.000007259511602192220
11.17	0.000007583793442510180
11.171	0.000008308149132814680
11.172	0.000009032499823119190
11.173	0.000009756855513423690
11.174	0.000010481206203728200
11.175	0.000011205556894032700
11.176	0.000012136616365802700
11.177	0.000013067670837572800
11.178	0.000013998725309342800
11.179	0.000014929779781112900
11.18	0.000015860834252882900
11.181	0.000016687750490364100
11.182	0.000017514671727845400
11.183	0.000018341592965326700
11.184	0.000019168509202807900
11.185	0.000019995430440289200
11.186	0.000020959736768371700
11.187	0.000021924043096454200
11.188	0.000022888344424536600
11.189	0.000023852650752619100
11.19	0.000024816957080701600
11.191	0.000025975868045044600
11.192	0.000027134784009387500
11.193	0.000028293699973730400
11.194	0.000029452610938073300
11.195	0.000030611526902416300
11.196	0.000034102890032258500
11.197	0.000037594258162100800
11.198	0.000041085621291943100
11.199	0.000044576989421785400
11.2	0.000048068352551627600
11.201	0.000053309290301060700
11.202	0.000058550183050493700
11.203	0.000063791125799926700
11.204	0.000069032068549359800
11.205	0.000074272961298792800
11.206	0.000077368962650178800
11.207	0.000080464964001564900
11.208	0.000083560965352951000
11.209	0.000086656966704337000
11.21	0.000089752918055723100
11.211	0.000094752803631516500
11.212	0.000099752639207310000
11.213	0.000104752474783103000
11.214	0.000109752360358897000
11.215	0.000114752195934690000
11.216	0.000119049866431600000
11.217	0.000123347486928510000
11.218	0.000127645157425420000
11.219	0.000131942827922330000
11.22	0.000136240448419240000
11.221	0.000141552241439950000
11.222	0.000146863984460660000
11.223	0.000152175777481370000
11.224	0.000157487570502081000
11.225	0.000162799313522791000
11.226	0.000169205956326066000
11.227	0.000175612599129342000
11.228	0.000182019191932617000
11.229	0.000188425834735893000
11.23	0.000194832477539168000
11.231	0.000203977063602348000
11.232	0.000213121649665528000
11.233	0.000222266285728708000
11.234	0.000231410871791887000
11.235	0.000240555457855067000
11.236	0.000255214806222071000
11.237	0.000269874154589074000
11.238	0.000284533502956078000
11.239	0.000299192851323082000
11.24	0.000313852199690085000
11.241	0.000330625661116833000
11.242	0.000347399122543581000
11.243	0.000364172583970330000
11.244	0.000380946045397078000
11.245	0.000397719506823826000
11.246	0.000417468850156452000
11.247	0.000437218143489079000
11.248	0.000456967486821705000
11.249	0.000476716780154332000
11.25	0.000496466123486958000
11.251	0.000508889328082031000
11.252	0.000521312532677104000
11.253	0.000533735687272176000
11.254	0.000546159041867249000
11.255	0.000558582396462322000
11.256	0.000565012439076612000
11.257	0.000571442481690902000
11.258	0.000577872524305191000
11.259	0.000584303066919481000
11.26	0.000590733109533771000
11.261	0.000599828156239816000
11.262	0.000608923702945861000
11.263	0.000618018749651906000
11.264	0.000627114296357950000
11.265	0.000636209343063995000
11.266	0.000656954604632157000
11.267	0.000677699866200319000
11.268	0.000698444627768481000
11.269	0.000719189889336643000
11.27	0.000739934650904805000
11.271	0.000751207175517519000
11.272	0.000762479700130233000
11.273	0.000773752224742947000
11.274	0.000785024749355661000
11.275	0.000796297273968375000
11.276	0.000797438586144086000
11.277	0.000798579898319797000
11.278	0.000799721210495508000
11.279	0.000800863022671219000
11.28	0.000802004334846930000
11.281	0.000803017974249653000
11.282	0.000804031613652376000
11.283	0.000805045253055099000
11.284	0.000806058892457823000
11.285	0.000807072531860546000
11.286	0.000809228187931918000
11.287	0.000811383344003290000
11.288	0.000813539000074662000
11.289	0.000815694156146035000
11.29	0.000817849812217407000
11.291	0.000821525679458893000
11.292	0.000825201546700378000
11.293	0.000828877413941864000
11.294	0.000832553281183349000
11.295	0.000836229148424835000
11.296	0.000832682854036568000
11.297	0.000829136559648301000
11.298	0.000825590265260034000
11.299	0.000822043970871767000
11.3	0.000818497176483499000
11.301	0.000819552224962039000
11.302	0.000820606773440578000
11.303	0.000821661321919117000
11.304	0.000822715870397656000
11.305	0.000823770918876196000
11.306	0.000828273349419656000
11.307	0.000832775779963117000
11.308	0.000837278210506578000
11.309	0.000841781141050039000
11.31	0.000846283571593499000
11.311	0.000852094076236712000
11.312	0.000857905080879925000
11.313	0.000863715585523138000
11.314	0.000869526090166351000
11.315	0.000875337094809563000
11.316	0.000881808490987677000
11.317	0.000888280387165791000
11.318	0.000894752283343904000
11.319	0.000901224179522018000
11.32	0.000907695575700131000
11.321	0.000914239188697951000
11.322	0.000920783301695771000
11.323	0.000927326914693591000
11.324	0.000933870527691410000
11.325	0.000940414140689231000
11.326	0.000947025624809763000
11.327	0.000953637108930297000
11.328	0.000960248593050830000
11.329	0.000966860577171363000
11.33	0.000973472061291897000
11.331	0.000976353195295646000
11.332	0.000979233829299394000
11.333	0.000982114963303143000
11.334	0.000984996097306892000
11.335	0.000987876731310642000
11.336	0.000989051847228937000
11.337	0.000990226463147232000
11.338	0.000991401079065528000
11.339	0.000992575694983824000
11.34	0.000993750310902119000
11.341	0.000994789361324447000
11.342	0.000995828411746775000
11.343	0.000996867462169102000
11.344	0.000997906512591430000
11.345	0.000998945563013757000
11.346	0.001000179180520980000
11.347	0.001001412298028210000
11.348	0.001002645415535440000
11.349	0.001003878533042660000
11.35	0.001005111650549890000
11.351	0.001007316827891690000
11.352	0.001009521505233490000
11.353	0.001011726682575290000
11.354	0.001013931859917100000
11.355	0.001016137037258900000
11.356	0.001018864222405330000
11.357	0.001021591407551760000
11.358	0.001024318092698190000
11.359	0.001027045277844620000
11.36	0.001029772462991050000
11.361	0.001032930427484920000
11.362	0.001036088391978790000
11.363	0.001039246356472660000
11.364	0.001042404820966530000
11.365	0.001045562785460400000
11.366	0.001047638273080390000
11.367	0.001049713260700390000
11.368	0.001051788748320380000
11.369	0.001053864235940380000
11.37	0.001055939723560370000
11.371	0.001052525091624120000
11.372	0.001049110459687870000
11.373	0.001045695827751620000
11.374	0.001042281195815370000
11.375	0.001038866563879120000
11.376	0.001032791487806720000
11.377	0.001026716411734330000
11.378	0.001020641335661930000
11.379	0.001014565759589530000
11.38	0.001008490683517140000
11.381	0.001008490683517140000
11.382	0.001008490683517140000
11.383	0.001008490683517140000
11.384	0.001008490683517140000
11.385	0.001008490683517140000
11.386	0.001013892757165660000
11.387	0.001019295330814180000
11.388	0.001024697404462690000
11.389	0.001030099478111210000
11.39	0.001035501551759730000
11.391	0.001043405709762920000
11.392	0.001051309367766100000
11.393	0.001059213025769290000
11.394	0.001067117183772470000
11.395	0.001075020841775660000
11.396	0.001079711907865010000
11.397	0.001084403473954360000
11.398	0.001089094540043710000
11.399	0.001093785606133070000
11.4	0.001098477172222420000
11.401	0.001099097688831930000
11.402	0.001099718705441440000
11.403	0.001100339222050950000
11.404	0.001100960238660470000
11.405	0.001101580755269980000
11.406	0.001100287873933860000
11.407	0.001098994492597740000
11.408	0.001097701111261620000
11.409	0.001096407729925510000
11.41	0.001095114348589390000
11.411	0.001093301895807000000
11.412	0.001091488943024610000
11.413	0.001089676490242230000
11.414	0.001087863537459840000
11.415	0.001086051084677450000
11.416	0.001085482374234690000
11.417	0.001084914163791920000
11.418	0.001084345953349150000
11.419	0.001083777742906380000
11.42	0.001083209532463620000
11.421	0.001084081575429340000
11.422	0.001084953618395060000
11.423	0.001085825161360780000
11.424	0.001086697204326500000
11.425	0.001087568747292220000
11.426	0.001089120374081050000
11.427	0.001090672000869870000
11.428	0.001092223127658700000
11.429	0.001093774754447530000
11.43	0.001095326381236360000
11.431	0.001095927022210510000
11.432	0.001096527663184670000
11.433	0.001097128804158820000
11.434	0.001097729445132970000
11.435	0.001098330086107130000
11.436	0.001098651254006510000
11.437	0.001098972421905890000
11.438	0.001099294089805280000
11.439	0.001099615257704660000
11.44	0.001099936425604040000
11.441	0.001100192987210300000
11.442	0.001100449548816560000
11.443	0.001100706110422830000
11.444	0.001100962672029090000
11.445	0.001101219233635350000
11.446	0.001101219233635350000
11.447	0.001101219233635350000
11.448	0.001101219233635350000
11.449	0.001101219233635350000
11.45	0.001101219233635350000
11.451	0.001101256074765040000
11.452	0.001101292915894730000
11.453	0.001101330257024420000
11.454	0.001101367098154110000
11.455	0.001101403939283800000
11.456	0.001101458106263020000
11.457	0.001101511773242230000
11.458	0.001101565940221440000
11.459	0.001101619607200660000
11.46	0.001101673774179870000
11.461	0.001101655270397890000
11.462	0.001101636766615910000
11.463	0.001101618262833940000
11.464	0.001101599259051960000
11.465	0.001101580755269980000
11.466	0.001101699704019710000
11.467	0.001101818152769440000
11.468	0.001101936601519170000
11.469	0.001102055050268900000
11.47	0.001102173499018630000
11.471	0.001101308361586040000
11.472	0.001100443224153450000
11.473	0.001099578086720860000
11.474	0.001098712949288270000
11.475	0.001097847811855670000
11.476	0.001097087744176810000
11.477	0.001096327676497940000
11.478	0.001095567108819080000
11.479	0.001094807041140210000
11.48	0.001094046973461350000
11.481	0.001094183037595900000
11.482	0.001094319601730460000
11.483	0.001094456165865020000
11.484	0.001094592729999580000
11.485	0.001094728794134140000
11.486	0.001095186388377370000
11.487	0.001095643482620610000
11.488	0.001096101076863840000
11.489	0.001096558171107080000
11.49	0.001097015765350310000
11.491	0.001096446469077110000
11.492	0.001095877172803920000
11.493	0.001095307876530720000
11.494	0.001094738580257520000
11.495	0.001094169283984320000
11.496	0.001092687746388130000
11.497	0.001091206708791930000
11.498	0.001089725671195730000
11.499	0.001088244633599530000
11.5	0.001086763096003340000
11.501	0.001082766935159410000
11.502	0.001078770774315480000
11.503	0.001074774113471550000
11.504	0.001070777952627620000
11.505	0.001066781791783690000
11.506	0.001063603751503170000
11.507	0.001060425711222650000
11.508	0.001057248170942130000
11.509	0.001054070130661610000
11.51	0.001050892590381090000
11.511	0.001049806933764130000
11.512	0.001048721277147160000
11.513	0.001047636120530200000
11.514	0.001046550463913230000
11.515	0.001045464807296270000
11.516	0.001048389918290030000
11.517	0.001051314529283800000
11.518	0.001054239640277560000
11.519	0.001057164251271330000
11.52	0.001060089362265090000
11.521	0.001064631543872030000
11.522	0.001069173225478970000
11.523	0.001073715407085910000
11.524	0.001078257088692850000
11.525	0.001082799270299790000
11.526	0.001084826699292420000
11.527	0.001086853628285050000
11.528	0.001088881057277670000
11.529	0.001090907986270300000
11.53	0.001092935415262930000
11.531	0.001093182089007210000
11.532	0.001093428762751490000
11.533	0.001093675436495770000
11.534	0.001093922110240040000
11.535	0.001094169283984320000
11.536	0.001093922110240040000
11.537	0.001093675436495770000
11.538	0.001093428762751490000
11.539	0.001093182089007210000
11.54	0.001092935415262930000
11.541	0.001093182089007210000
11.542	0.001093428762751490000
11.543	0.001093675436495770000
11.544	0.001093922110240040000
11.545	0.001094169283984320000
11.546	0.001094144421879730000
11.547	0.001094120059775130000
11.548	0.001094095697670540000
11.549	0.001094071335565940000
11.55	0.001094046973461350000
11.551	0.001095091896029630000
11.552	0.001096136818597920000
11.553	0.001097182241166210000
11.554	0.001098227163734500000
11.555	0.001099272086302790000
11.556	0.001099577456964310000
11.557	0.001099882827625830000
11.558	0.001100188198287350000
11.559	0.001100493568948870000
11.56	0.001100799439610390000
11.561	0.001100677238932430000
11.562	0.001100555538254480000
11.563	0.001100433837576520000
11.564	0.001100312136898560000
11.565	0.001100190436220610000
11.566	0.001100488446789520000
11.567	0.001100786957358440000
11.568	0.001101084967927360000
11.569	0.001101383478496270000
11.57	0.001101681489065190000
11.571	0.001101680146088130000
11.572	0.001101678303111060000
11.573	0.001101676960134000000
11.574	0.001101675117156940000
11.575	0.001101673774179870000
11.576	0.001101659797771000000
11.577	0.001101645821362140000
11.578	0.001101631844953270000
11.579	0.001101618368544400000
11.58	0.001101604392135540000
11.581	0.001101604392135540000
11.582	0.001101604392135540000
11.583	0.001101604392135540000
11.584	0.001101604392135540000
11.585	0.001101604392135540000
11.586	0.001101619711521470000
11.587	0.001101635030907400000
11.588	0.001101650850293330000
11.589	0.001101666169679260000
11.59	0.001101681489065190000
11.591	0.001101573657715830000
11.592	0.001101466326366470000
11.593	0.001101358495017110000
11.594	0.001101251163667740000
11.595	0.001101143332318380000
11.596	0.001099937435572580000
11.597	0.001098731538826780000
11.598	0.001097526142080980000
11.599	0.001096320245335190000
11.6	0.001095114348589390000
11.601	0.001091704054406840000
11.602	0.001088293760224300000
11.603	0.001084883466041750000
11.604	0.001081473171859210000
11.605	0.001078062877676660000
11.606	0.001073774968820500000
11.607	0.001069487059964330000
11.608	0.001065199151108170000
11.609	0.001060911242252010000
11.61	0.001056622833395850000
11.611	0.001051935781062250000
11.612	0.001047248728728650000
11.613	0.001042561676395050000
11.614	0.001037874624061450000
11.615	0.001033187071727850000
11.616	0.001028310065838920000
11.617	0.001023432559949980000
11.618	0.001018555054061040000
11.619	0.001013678048172110000
11.62	0.001008800542283170000
11.621	0.001003180409872460000
11.622	0.000997559777461750000
11.623	0.000991939645051038000
11.624	0.000986319012640326000
11.625	0.000980698880229614000
11.626	0.000977148223334929000
11.627	0.000973598066440243000
11.628	0.000970047409545558000
11.629	0.000966496752650873000
11.63	0.000962946595756187000
11.631	0.000963684894272617000
11.632	0.000964423692789046000
11.633	0.000965162491305476000
11.634	0.000965901289821906000
11.635	0.000966640088338335000
11.636	0.000965901289821906000
11.637	0.000965162491305476000
11.638	0.000964423692789046000
11.639	0.000963684894272617000
11.64	0.000962946595756187000
11.641	0.000959241755083451000
11.642	0.000955537414410715000
11.643	0.000951833073737978000
11.644	0.000948128733065242000
11.645	0.000944424392392505000
11.646	0.000940573070210422000
11.647	0.000936721748028337000
11.648	0.000932870425846254000
11.649	0.000929018603664170000
11.65	0.000925167281482087000
11.651	0.000922812180620556000
11.652	0.000920457079759026000
11.653	0.000918101978897495000
11.654	0.000915746378035964000
11.655	0.000913391277174434000
11.656	0.000914167624339991000
11.657	0.000914943971505549000
11.658	0.000915720318671107000
11.659	0.000916496665836665000
11.66	0.000917273013002222000
11.661	0.000920320226699622000
11.662	0.000923367440397022000
11.663	0.000926415154094422000
11.664	0.000929462367791821000
11.665	0.000932509581489222000
11.666	0.000937041020576749000
11.667	0.000941572959664276000
11.668	0.000946104398751803000
11.669	0.000950635837839330000
11.67	0.000955167776926858000
11.671	0.000961576956238566000
11.672	0.000967986635550274000
11.673	0.000974395814861981000
11.674	0.000980805494173689000
11.675	0.000987214673485397000
11.676	0.000991404395841896000
11.677	0.000995594118198396000
11.678	0.000999783840554895000
11.679	0.001003973562911390000
11.68	0.001008163285267890000
11.681	0.001008818190695350000
11.682	0.001009473096122800000
11.683	0.001010128001550250000
11.684	0.001010782906977700000
11.685	0.001011437812405160000
11.686	0.001009324276001470000
11.687	0.001007210739597780000
11.688	0.001005096703194090000
11.689	0.001002983166790410000
11.69	0.001000869630386720000
11.691	0.000997329825514731000
11.692	0.000993789520642744000
11.693	0.000990249715770756000
11.694	0.000986709410898769000
11.695	0.000983169606026782000
11.696	0.000978076856995398000
11.697	0.000972984607964014000
11.698	0.000967892358932629000
11.699	0.000962800109901245000
11.7	0.000957707860869861000
11.701	0.000951775481271935000
11.702	0.000945843101674010000
11.703	0.000939910722076084000
11.704	0.000933978342478159000
11.705	0.000928045962880234000
11.706	0.000923495214910606000
11.707	0.000918944466940979000
11.708	0.000914393718971352000
11.709	0.000909842971001724000
11.71	0.000905292223032097000
11.711	0.000900709623858803000
11.712	0.000896127024685510000
11.713	0.000891544425512217000
11.714	0.000886962326338923000
11.715	0.000882379727165630000
11.716	0.000879330617761462000
11.717	0.000876281508357294000
11.718	0.000873232398953126000
11.719	0.000870183289548959000
11.72	0.000867134180144790000
11.721	0.000864824011870238000
11.722	0.000862514343595686000
11.723	0.000860204675321133000
11.724	0.000857894507046581000
11.725	0.000855584838772028000
11.726	0.000855550138170561000
11.727	0.000855515437569093000
11.728	0.000855480736967627000
11.729	0.000855446036366159000
11.73	0.000855411335764692000
11.731	0.000857708649598227000
11.732	0.000860005963431762000
11.733	0.000862302777265297000
11.734	0.000864600091098832000
11.735	0.000866896904932367000
11.736	0.000869206573246356000
11.737	0.000871516241560346000
11.738	0.000873825409874336000
11.739	0.000876135078188325000
11.74	0.000878444246502315000
11.741	0.000878444246502315000
11.742	0.000878444246502315000
11.743	0.000878444246502315000
11.744	0.000878444246502315000
11.745	0.000878444246502315000
11.746	0.000873907723370581000
11.747	0.000869371700238849000
11.748	0.000864835177107115000
11.749	0.000860299153975382000
11.75	0.000855762630843650000
11.751	0.000849060969158882000
11.752	0.000842359307474112000
11.753	0.000835657645789344000
11.754	0.000828955984104576000
11.755	0.000822254322419806000
11.756	0.000815245416660215000
11.757	0.000808237010900622000
11.758	0.000801227955141029000
11.759	0.000794219149381437000
11.76	0.000787210343621845000
11.761	0.000780499075834724000
11.762	0.000773787808047603000
11.763	0.000767076490260482000
11.764	0.000760365222473361000
11.765	0.000753653954686240000
11.766	0.000748672200823157000
11.767	0.000743690496960075000
11.768	0.000738708793096992000
11.769	0.000733727039233910000
11.77	0.000728745335370827000
11.771	0.000726619724317524000
11.772	0.000724494063264220000
11.773	0.000722368452210917000
11.774	0.000720242841157613000
11.775	0.000718117180104310000
11.776	0.000718117180104310000
11.777	0.000718117180104310000
11.778	0.000718117180104310000
11.779	0.000718117180104310000
11.78	0.000718117180104310000
11.781	0.000718816122649731000
11.782	0.000719515015195153000
11.783	0.000720213907740574000
11.784	0.000720912800285995000
11.785	0.000721611742831417000
11.786	0.000722171975035790000
11.787	0.000722732207240165000
11.788	0.000723292439444538000
11.789	0.000723852671648911000
11.79	0.000724412903853285000
11.791	0.000724269827832870000
11.792	0.000724126751812455000
11.793	0.000723983625792040000
11.794	0.000723840549771625000
11.795	0.000723697423751210000
11.796	0.000723135842658572000
11.797	0.000722574261565934000
11.798	0.000722012680473296000
11.799	0.000721451099380658000
11.8	0.000720889518288020000
11.801	0.000719105610318348000
11.802	0.000717321702348675000
11.803	0.000715537794379002000
11.804	0.000713753886409329000
11.805	0.000711969978439657000
11.806	0.000709740103147025000
11.807	0.000707510277854395000
11.808	0.000705280402561764000
11.809	0.000703050577269133000
11.81	0.000700820701976502000
11.811	0.000698516793510406000
11.812	0.000696212885044309000
11.813	0.000693908976578212000
11.814	0.000691605018112116000
11.815	0.000689301109646019000
11.816	0.000686203738158862000
11.817	0.000683106316671704000
11.818	0.000680008945184545000
11.819	0.000676911523697387000
11.82	0.000673814152210229000
11.821	0.000670539262411275000
11.822	0.000667264322612321000
11.823	0.000663989432813367000
11.824	0.000660714543014412000
11.825	0.000657439603215458000
11.826	0.000655353372367189000
11.827	0.000653267091518920000
11.828	0.000651180860670650000
11.829	0.000649094579822380000
11.83	0.000647008348974111000
11.831	0.000644886599558142000
11.832	0.000642764900142172000
11.833	0.000640643150726201000
11.834	0.000638521451310231000
11.835	0.000636399701894262000
11.836	0.000635244959673645000
11.837	0.000634090217453028000
11.838	0.000632935425232411000
11.839	0.000631780683011794000
11.84	0.000630625940791177000
11.841	0.000629841431516505000
11.842	0.000629056922241833000
11.843	0.000628272462967160000
11.844	0.000627487953692488000
11.845	0.000626703444417816000
11.846	0.000626244077761337000
11.847	0.000625784711104858000
11.848	0.000625325394448379000
11.849	0.000624866027791900000
11.85	0.000624406661135421000
11.851	0.000624700137360501000
11.852	0.000624993613585581000
11.853	0.000625287089810661000
11.854	0.000625580566035741000
11.855	0.000625874042260820000
11.856	0.000626339503875356000
11.857	0.000626804965489890000
11.858	0.000627270427104425000
11.859	0.000627735888718959000
11.86	0.000628201350333495000
11.861	0.000629241050120583000
11.862	0.000630280699907671000
11.863	0.000631320399694759000
11.864	0.000632360049481848000
11.865	0.000633399749268936000
11.866	0.000634393316827803000
11.867	0.000635386934386671000
11.868	0.000636380551945539000
11.869	0.000637374119504406000
11.87	0.000638367737063273000
11.871	0.000639526937171559000
11.872	0.000640686137279844000
11.873	0.000641845337388130000
11.874	0.000643004537496415000
11.875	0.000644163737604701000
11.876	0.000645208850086437000
11.877	0.000646253962568175000
11.878	0.000647299075049912000
11.879	0.000648344187531649000
11.88	0.000649389300013386000
11.881	0.000650338962289942000
11.882	0.000651288624566498000
11.883	0.000652238236843055000
11.884	0.000653187899119612000
11.885	0.000654137561396168000
11.886	0.000654871434075787000
11.887	0.000655605256755406000
11.888	0.000656339129435025000
11.889	0.000657073002114644000
11.89	0.000657806874794263000
11.891	0.000658605566189794000
11.892	0.000659404207585325000
11.893	0.000660202898980856000
11.894	0.000661001540376386000
11.895	0.000661800231771917000
11.896	0.000662498528733818000
11.897	0.000663196825695719000
11.898	0.000663895122657619000
11.899	0.000664593419619520000
11.9	0.000665291766581421000
11.901	0.000665651712662787000
11.902	0.000666011708744151000
11.903	0.000666371704825517000
11.904	0.000666731650906882000
11.905	0.000667091646988248000
11.906	0.000667266231517031000
11.907	0.000667440816045814000
11.908	0.000667615400574597000
11.909	0.000667789985103381000
11.91	0.000667964569632164000
11.911	0.000667964569632164000
11.912	0.000667964569632164000
11.913	0.000667964569632164000
11.914	0.000667964569632164000
11.915	0.000667964569632164000
11.916	0.000667410862215733000
11.917	0.000666857104799301000
11.918	0.000666303347382869000
11.919	0.000665749589966438000
11.92	0.000665195832550006000
11.921	0.000664670594844353000
11.922	0.000664145357138700000
11.923	0.000663620119433047000
11.924	0.000663094881727393000
11.925	0.000662569644021740000
11.926	0.000661746226963365000
11.927	0.000660922809904990000
11.928	0.000660099392846614000
11.929	0.000659275925788239000
11.93	0.000658452508729864000
11.931	0.000657893901641904000
11.932	0.000657335294553945000
11.933	0.000656776687465985000
11.934	0.000656218130378026000
11.935	0.000655659523290067000
11.936	0.000654888510928440000
11.937	0.000654117548566814000
11.938	0.000653346536205187000
11.939	0.000652575573843561000
11.94	0.000651804561481934000
11.941	0.000651357224831289000
11.942	0.000650909838180645000
11.943	0.000650462501529999000
11.944	0.000650015114879354000
11.945	0.000649567778228710000
11.946	0.000648993349389975000
11.947	0.000648418920551241000
11.948	0.000647844541712507000
11.949	0.000647270112873773000
11.95	0.000646695684035039000
11.951	0.000646246105680159000
11.952	0.000645796577325279000
11.953	0.000645346998970399000
11.954	0.000644897420615519000
11.955	0.000644447842260640000
11.956	0.000643881758526960000
11.957	0.000643315624793282000
11.958	0.000642749541059602000
11.959	0.000642183457325923000
11.96	0.000641617323592245000
11.961	0.000641112155486446000
11.962	0.000640606987380647000
11.963	0.000640101769274848000
11.964	0.000639596601169049000
11.965	0.000639091433063250000
11.966	0.000638706115483972000
11.967	0.000638320797904694000
11.968	0.000637935480325415000
11.969	0.000637550162746137000
11.97	0.000637164845166858000
11.971	0.000636794079957778000
11.972	0.000636423314748697000
11.973	0.000636052549539617000
11.974	0.000635681784330537000
11.975	0.000635311019121457000
11.976	0.000634686891167724000
11.977	0.000634062813213990000
11.978	0.000633438735260260000
11.979	0.000632814657306530000
11.98	0.000632190529352795000
11.981	0.000631940622000085000
11.982	0.000631690764647380000
11.983	0.000631440857294670000
11.984	0.000631190949941960000
11.985	0.000630941042589250000
11.986	0.000630481586450200000
11.987	0.000630022130311150000
11.988	0.000629562674172100000
11.989	0.000629103218033055000
11.99	0.000628643761894005000
11.991	0.000628418514994505000
11.992	0.000628193268095010000
11.993	0.000627967971195510000
11.994	0.000627742724296015000
11.995	0.000627517477396515000
11.996	0.000627264821961505000
11.997	0.000627012166526490000
11.998	0.000626759511091480000
11.999	0.000626506855656470000
12	0.000626254200221455000
12.001	0.000626002785698860000
12.002	0.000625751371176265000
12.003	0.000625499956653670000
12.004	0.000625248542131075000
12.005	0.000624997127608480000
12.006	0.000624738035187095000
12.007	0.000624478992765710000
12.008	0.000624219900344325000
12.009	0.000623960807922935000
12.01	0.000623701715501550000
12.011	0.000623574723131490000
12.012	0.000623447730761425000
12.013	0.000623320738391365000
12.014	0.000623193796021305000
12.015	0.000623066803651240000
12.016	0.000622927334702135000
12.017	0.000622787865753030000
12.018	0.000622648396803920000
12.019	0.000622508927854815000
12.02	0.000622369508905710000
12.021	0.000622283163286635000
12.022	0.000622196817667560000
12.023	0.000622110472048490000
12.024	0.000622024126429415000
12.025	0.000621937780810340000
12.026	0.000621907434375910000
12.027	0.000621877037941475000
12.028	0.000621846691507045000
12.029	0.000621816295072610000
12.03	0.000621785948638180000
12.031	0.000621810829195110000
12.032	0.000621835724752040000
12.033	0.000621860615308975000
12.034	0.000621885510865905000
12.035	0.000621910406422835000
12.036	0.000621950327310280000
12.037	0.000621990253197725000
12.038	0.000622030174085170000
12.039	0.000622070099972615000
12.04	0.000622110020860060000
12.041	0.000622225080435355000
12.042	0.000622340135010650000
12.043	0.000622455194585940000
12.044	0.000622570254161235000
12.045	0.000622685308736530000
12.046	0.000622828425369750000
12.047	0.000622971542002975000
12.048	0.000623114658636200000
12.049	0.000623257775269425000
12.05	0.000623400896902645000
12.051	0.000623577214441495000
12.052	0.000623753531980345000
12.053	0.000623929849519190000
12.054	0.000624106172058040000
12.055	0.000624282489596890000
12.056	0.000624397784167740000
12.057	0.000624513078738595000
12.058	0.000624628368309445000
12.059	0.000624743662880300000
12.06	0.000624858957451150000
12.061	0.000624829513234750000
12.062	0.000624800069018350000
12.063	0.000624770619801950000
12.064	0.000624741175585550000
12.065	0.000624711731369150000
12.066	0.000624667074127600000
12.067	0.000624622421886045000
12.068	0.000624577764644490000
12.069	0.000624533107402935000
12.07	0.000624488455161380000
12.071	0.000624450965236040000
12.072	0.000624413475310695000
12.073	0.000624375985385355000
12.074	0.000624338495460015000
12.075	0.000624301005534670000
12.076	0.000624217596442620000
12.077	0.000624134182350565000
12.078	0.000624050768258510000
12.079	0.000623967354166455000
12.08	0.000623883940074400000
12.081	0.000623760159017525000
12.082	0.000623636377960650000
12.083	0.000623512596903775000
12.084	0.000623388810846900000
12.085	0.000623265029790025000
12.086	0.000623099501651845000
12.087	0.000622933968513665000
12.088	0.000622768435375485000
12.089	0.000622602907237305000
12.09	0.000622437374099125000
12.091	0.000622228886811040000
12.092	0.000622020404522950000
12.093	0.000621811917234865000
12.094	0.000621603429946775000
12.095	0.000621394947658685000
12.096	0.000621238548251155000
12.097	0.000621082153843625000
12.098	0.000620925754436095000
12.099	0.000620769360028565000
12.1	0.000620612965621035000
12.101	0.000620423177679285000
12.102	0.000620233389737535000
12.103	0.000620043606795790000
12.104	0.000619853818854040000
12.105	0.000619664030912295000
12.106	0.000619439007757040000
12.107	0.000619213984601785000
12.108	0.000618988961446535000
12.109	0.000618763943291280000
12.11	0.000618538920136030000
12.111	0.000618276997346050000
12.112	0.000618015079556075000
12.113	0.000617753156766095000
12.114	0.000617491238976120000
12.115	0.000617229316186140000
12.116	0.000617041885100745000
12.117	0.000616854449015350000
12.118	0.000616667012929955000
12.119	0.000616479581844560000
12.12	0.000616292145759165000
12.121	0.000615955298662910000
12.122	0.000615618451566650000
12.123	0.000615281609470395000
12.124	0.000614944762374140000
12.125	0.000614607915277885000
12.126	0.000614246454850655000
12.127	0.000613884994423425000
12.128	0.000613523533996195000
12.129	0.000613162068568970000
12.13	0.000612800608141740000
12.131	0.000612600568015340000
12.132	0.000612400532888945000
12.133	0.000612200492762550000
12.134	0.000612000452636150000
12.135	0.000611800417509755000
12.136	0.000611452138328935000
12.137	0.000611103861648110000
12.138	0.000610755584467290000
12.139	0.000610407307286470000
12.14	0.000610059030605645000
12.141	0.000609773016188740000
12.142	0.000609487002271830000
12.143	0.000609200987854925000
12.144	0.000608914973938015000
12.145	0.000608628959521110000
12.146	0.000608181485507685000
12.147	0.000607734010994265000
12.148	0.000607286536480840000
12.149	0.000606839062467420000
12.15	0.000606391587953995000
12.151	0.000606106348899855000
12.152	0.000605821109345720000
12.153	0.000605535870291580000
12.154	0.000605250630737440000
12.155	0.000604965391683300000
12.156	0.000604609271638000000
12.157	0.000604253151092700000
12.158	0.000603897031047395000
12.159	0.000603540911002095000
12.16	0.000603184790956790000
12.161	0.000602753657297980000
12.162	0.000602322524139170000
12.163	0.000601891390480360000
12.164	0.000601460256821550000
12.165	0.000601029123662740000
12.166	0.000600669189816960000
12.167	0.000600309255471180000
12.168	0.000599949321625405000
12.169	0.000599589387779625000
12.17	0.000599229453933845000
12.171	0.000598828351963835000
12.172	0.000598427249993825000
12.173	0.000598026148523815000
12.174	0.000597625046553805000
12.175	0.000597223944583795000
12.176	0.000597342650530520000
12.177	0.000597461356477245000
12.178	0.000597580062423965000
12.179	0.000597698768370690000
12.18	0.000597817474317415000
12.181	0.000597664409909440000
12.182	0.000597511345501465000
12.183	0.000597358281093490000
12.184	0.000597205216685515000
12.185	0.000597052152277540000
12.186	0.000596627012985190000
12.187	0.000596201873692835000
12.188	0.000595776734400485000
12.189	0.000595351595608130000
12.19	0.000594926456315775000
12.191	0.000594926456315775000
12.192	0.000594926456315775000
12.193	0.000594926456315775000
12.194	0.000594926456315775000
12.195	0.000594926456315775000
12.196	0.000595192006186470000
12.197	0.000595457555557165000
12.198	0.000595723105427865000
12.199	0.000595988654798560000
12.2	0.000596254204669255000
12.201	0.000597279296895780000
12.202	0.000598304389622305000
12.203	0.000599329481848835000
12.204	0.000600354574575360000
12.205	0.000601379666801890000
12.206	0.000602628877453490000
12.207	0.000603878088105090000
12.208	0.000605127298756690000
12.209	0.000606376508908290000
12.21	0.000607625719559890000
12.211	0.000608402417508655000
12.212	0.000609179115457415000
12.213	0.000609955813406180000
12.214	0.000610732510854940000
12.215	0.000611509208803705000
12.216	0.000611605955673775000
12.217	0.000611702703043845000
12.218	0.000611799449913915000
12.219	0.000611896196783985000
12.22	0.000611992943654055000
12.221	0.000611612750727515000
12.222	0.000611232557800975000
12.223	0.000610852364374435000
12.224	0.000610472171447895000
12.225	0.000610091978521355000
12.226	0.000609178301218985000
12.227	0.000608264623416610000
12.228	0.000607350946114240000
12.229	0.000606437268311870000
12.23	0.000605523591009495000
12.231	0.000604003829179795000
12.232	0.000602484067850100000
12.233	0.000600964306520400000
12.234	0.000599444545190700000
12.235	0.000597924783861000000
12.236	0.000595514612947335000
12.237	0.000593104442033670000
12.238	0.000590694271120010000
12.239	0.000588284099706345000
12.24	0.000585873928792680000
12.241	0.000582898137132570000
12.242	0.000579922345472455000
12.243	0.000576946553812345000
12.244	0.000573970762152235000
12.245	0.000570528439992120000
12.246	0.000568070752102075000
12.247	0.000565613064212025000
12.248	0.000563155376321980000
12.249	0.000560697688431930000
12.25	0.000558240000541885000
12.251	0.000557145743532140000
12.252	0.000556051486522395000
12.253	0.000554957229512650000
12.254	0.000553862972502905000
12.255	0.000552768715493160000
12.256	0.000553912208580300000
12.257	0.000555055701667435000
12.258	0.000556199194754570000
12.259	0.000557342687841710000
12.26	0.000558486180928845000
12.261	0.000561159609963330000
12.262	0.000563833038997815000
12.263	0.000566506468032295000
12.264	0.000569179897066780000
12.265	0.000571853326101265000
12.266	0.000574138883824735000
12.267	0.000575940431048205000
12.268	0.000577741978271675000
12.269	0.000579543525495145000
12.27	0.000581345073218615000
12.271	0.000582777592926235000
12.272	0.000584210113133860000
12.273	0.000585642633341480000
12.274	0.000587075153049100000
12.275	0.000588507673256720000
12.276	0.000589463367215220000
12.277	0.000590419061173715000
12.278	0.000591374755132215000
12.279	0.000592330449090710000
12.28	0.000593286143049210000
12.281	0.000593773878430505000
12.282	0.000594261613311805000
12.283	0.000594749348693105000
12.284	0.000595237083574405000
12.285	0.000595724818455705000
12.286	0.000595935626248180000
12.287	0.000596146434040650000
12.288	0.000596357241333125000
12.289	0.000596568049125600000
12.29	0.000596778856918075000
12.291	0.000596986580397940000
12.292	0.000597194303877810000
12.293	0.000597402027357680000
12.294	0.000597609750837545000
12.295	0.000597817474317415000
12.296	0.000597398943045070000
12.297	0.000596980411772730000
12.298	0.000596561881000390000
12.299	0.000596143349728045000
12.3	0.000595724818455705000
12.301	0.000594568861434765000
12.302	0.000593412903913830000
12.303	0.000592256946892895000
12.304	0.000591100989371960000
12.305	0.000589945032351020000
12.306	0.000588771691364945000
12.307	0.000587598350378870000
12.308	0.000586425009392795000
12.309	0.000585251668406715000
12.31	0.000584078327420640000
12.311	0.000583392940868880000
12.312	0.000582707554817125000
12.313	0.000582022168265365000
12.314	0.000581336781713605000
12.315	0.000580651395161850000
12.316	0.000580750366247635000
12.317	0.000580849336833420000
12.318	0.000580948307919200000
12.319	0.000581047279004985000
12.32	0.000581146249590770000
12.321	0.000582129520220345000
12.322	0.000583112790349925000
12.323	0.000584096060479500000
12.324	0.000585079331109075000
12.325	0.000586062601238650000
12.326	0.000586998702537980000
12.327	0.000587934803837310000
12.328	0.000588870904636640000
12.329	0.000589807005935970000
12.33	0.000590743107235300000
12.331	0.000591142377316035000
12.332	0.000591541647396775000
12.333	0.000591940917477510000
12.334	0.000592340187558250000
12.335	0.000592739457638985000
12.336	0.000593176857674345000
12.337	0.000593614257209700000
12.338	0.000594051656745060000
12.339	0.000594489056780420000
12.34	0.000594926456315775000
12.341	0.000595140565428615000
12.342	0.000595354674041455000
12.343	0.000595568783154295000
12.344	0.000595782892267135000
12.345	0.000595997000879975000
12.346	0.000596822520348765000
12.347	0.000597648039817560000
12.348	0.000598473559286350000
12.349	0.000599299078755145000
12.35	0.000600124598223935000
12.351	0.000601448422546120000
12.352	0.000602772246868305000
12.353	0.000604096070690490000
12.354	0.000605419895012675000
12.355	0.000606743719334860000
12.356	0.000607807871306265000
12.357	0.000608872023277670000
12.358	0.000609936175249075000
12.359	0.000611000327220475000
12.36	0.000612064479191880000
12.361	0.000611740465582515000
12.362	0.000611416451473155000
12.363	0.000611092437363790000
12.364	0.000610768423754425000
12.365	0.000610444409645060000
12.366	0.000609577889885920000
12.367	0.000608711370126780000
12.368	0.000607844850367640000
12.369	0.000606978330608500000
12.37	0.000606111810349360000
12.371	0.000604608491671370000
12.372	0.000603105173493380000
12.373	0.000601601854815395000
12.374	0.000600098536137405000
12.375	0.000598595217459420000
12.376	0.000596088694215265000
12.377	0.000593582170971110000
12.378	0.000591075647726955000
12.379	0.000588569124482805000
12.38	0.000586062601238650000
12.381	0.000582743030934865000
12.382	0.000579423460631085000
12.383	0.000575616808827300000
12.384	0.000572347419023515000
12.385	0.000569078029219735000
12.386	0.000565286252016845000
12.387	0.000561494474813950000
12.388	0.000557702697611060000
12.389	0.000553910920408170000
12.39	0.000550119143205280000
12.391	0.000547173697046070000
12.392	0.000544228250886860000
12.393	0.000541282804727650000
12.394	0.000538337358568435000
12.395	0.000535391912409225000
12.396	0.000532311939937795000
12.397	0.000529231967466360000
12.398	0.000526151994994925000
12.399	0.000523072022523495000
12.4	0.000519992050052060000
12.401	0.000516792697014710000
12.402	0.000513593343977365000
12.403	0.000510393990940015000
12.404	0.000507194637902665000
12.405	0.000503995284865320000
12.406	0.000500657905363315000
12.407	0.000497320525861308000
12.408	0.000493983146359303000
12.409	0.000490645766857298000
12.41	0.000487308387355293000
12.411	0.000483854195475967000
12.412	0.000480400003596640000
12.413	0.000476945811717315000
12.414	0.000473491619837988000
12.415	0.000470037427958662000
12.416	0.000465687966229015000
12.417	0.000461338504499370000
12.418	0.000456989042769724000
12.419	0.000452639581040077000
12.42	0.000448290119310431000
12.421	0.000443416780421019000
12.422	0.000438543441531606000
12.423	0.000433670102642194000
12.424	0.000428796763752782000
12.425	0.000423923424863370000
12.426	0.000419403719602860000
12.427	0.000414884014342349000
12.428	0.000410364309081838000
12.429	0.000405844603821326000
12.43	0.000401324898560816000
12.431	0.000397190774196079000
12.432	0.000393056649831342000
12.433	0.000388922525466605000
12.434	0.000384788401101869000
12.435	0.000380654276737131000
12.436	0.000377760322951728000
12.437	0.000374866369166324000
12.438	0.000371972415380921000
12.439	0.000369078461595518000
12.44	0.000366184507810115000
12.441	0.000364530103823560000
12.442	0.000362875699837006000
12.443	0.000361221295850452000
12.444	0.000359566891863897000
12.445	0.000357912487877344000
12.446	0.000357505137913504000
12.447	0.000357097787949663000
12.448	0.000356690437985824000
12.449	0.000356283088021984000
12.45	0.000355875738058143000
12.451	0.000357115786116314000
12.452	0.000358355834174484000
12.453	0.000359595882232654000
12.454	0.000360835930290825000
12.455	0.000362075978348994000
12.456	0.000364141539975062000
12.457	0.000366207101601129000
12.458	0.000368272663227196000
12.459	0.000370338224853263000
12.46	0.000372403786479330000
12.461	0.000374874580230111000
12.462	0.000377345373980893000
12.463	0.000379816167731675000
12.464	0.000382286961482456000
12.465	0.000384757755233237000
12.466	0.000387225757969113000
12.467	0.000389693760704989000
12.468	0.000392161763440864000
12.469	0.000394629766176740000
12.47	0.000397097768912616000
12.471	0.000399567811172127000
12.472	0.000402037853431637000
12.473	0.000404507895691148000
12.474	0.000406977937950659000
12.475	0.000409447980210170000
12.476	0.000410665354696786000
12.477	0.000411882729183402000
12.478	0.000413100103670019000
12.479	0.000414317478156636000
12.48	0.000415534852643251000
12.481	0.000416730416838230000
12.482	0.000417925981033208000
12.483	0.000419121545228186000
12.484	0.000420317109423165000
12.485	0.000421512673618143000
12.486	0.000422726584491966000
12.487	0.000423940495365789000
12.488	0.000425154406239612000
12.489	0.000426368317113435000
12.49	0.000427582227987258000
12.491	0.000428405656909153000
12.492	0.000429229085831049000
12.493	0.000430052514752944000
12.494	0.000430875943674841000
12.495	0.000431699372596737000
12.496	0.000432941783057242000
12.497	0.000434184193517747000
12.498	0.000435426603978252000
12.499	0.000436669014438758000
12.5	0.000437911424899263000
12.501	0.000438749727330353000
12.502	0.000439588029761444000
12.503	0.000440426332192533000
12.504	0.000441264634623623000
12.505	0.000442102937054713000
12.506	0.000442521381748247000
12.507	0.000442939826441781000
12.508	0.000443358271135316000
12.509	0.000443776715828850000
12.51	0.000444195160522384000
12.511	0.000442595284210982000
12.512	0.000440995407899581000
12.513	0.000439395531588179000
12.514	0.000437795655276777000
12.515	0.000436195778965375000
12.516	0.000431289254993319000
12.517	0.000426382731021263000
12.518	0.000421476207049207000
12.519	0.000416569683077152000
12.52	0.000411663159105096000
12.521	0.000405876801643509000
12.522	0.000400090444181922000
12.523	0.000394304086720335000
12.524	0.000388517729258748000
12.525	0.000382731371797160000
12.526	0.000377759242131769000
12.527	0.000372787112466378000
12.528	0.000367814982800987000
12.529	0.000362842853135595000
12.53	0.000357870723470205000
12.531	0.000355391795073505000
12.532	0.000352912866676805000
12.533	0.000350433938280104000
12.534	0.000347955009883404000
12.535	0.000345476081486704000
12.536	0.000343425308468915000
12.537	0.000341374535451126000
12.538	0.000339323762433337000
12.539	0.000337272989415548000
12.54	0.000335222216397758000
12.541	0.000331186353053108000
12.542	0.000327150489708457000
12.543	0.000323114626363807000
12.544	0.000319078763019155000
12.545	0.000315042899674505000
12.546	0.000311080423603870000
12.547	0.000307117947533234000
12.548	0.000303155471462599000
12.549	0.000299192995391963000
12.55	0.000295230519321327000
12.551	0.000291407921360939000
12.552	0.000287585323400551000
12.553	0.000283762725440162000
12.554	0.000279940127479773000
12.555	0.000276117529519385000
12.556	0.000272429061846612000
12.557	0.000268740594173840000
12.558	0.000265052126501067000
12.559	0.000261363658828295000
12.56	0.000257675191155523000
12.561	0.000253711809748281000
12.562	0.000249748428341039000
12.563	0.000245785046933797000
12.564	0.000241821665526555000
12.565	0.000237858284119313000
12.566	0.000234402610913028000
12.567	0.000230946937706743000
12.568	0.000227491264500459000
12.569	0.000224035591294173000
12.57	0.000220579918087888000
12.571	0.000217523692158787000
12.572	0.000214467466229685000
12.573	0.000211411240300583000
12.574	0.000208355014371482000
12.575	0.000205298788442381000
12.576	0.000202325341326588000
12.577	0.000199351894210796000
12.578	0.000196378447095003000
12.579	0.000193404999979211000
12.58	0.000190431552863419000
12.581	0.000188872490589815000
12.582	0.000187313428316212000
12.583	0.000185754366042608000
12.584	0.000184195303769004000
12.585	0.000182636241495400000
12.586	0.000182060024812158000
12.587	0.000181483808128917000
12.588	0.000180907591445674000
12.589	0.000180331374762432000
12.59	0.000179755158079190000
12.591	0.000179414789179092000
12.592	0.000179074420278994000
12.593	0.000178734051378895000
12.594	0.000178393682478797000
12.595	0.000178053313578699000
12.596	0.000177750952443361000
12.597	0.000177448591308024000
12.598	0.000177146230172688000
12.599	0.000176843869037351000
12.6	0.000176541507902014000
12.601	0.000176205519218748000
12.602	0.000175869530535482000
12.603	0.000175533541852216000
12.604	0.000175197553168950000
12.605	0.000174861564485683000
12.606	0.000174827837532101000
12.607	0.000174794110578520000
12.608	0.000174760383624938000
12.609	0.000174726656671357000
12.61	0.000174692929717776000
12.611	0.000174393596854964000
12.612	0.000174094263992153000
12.613	0.000173794931129342000
12.614	0.000173495598266530000
12.615	0.000173196265403720000
12.616	0.000172602416243837000
12.617	0.000172008567083954000
12.618	0.000171414717924073000
12.619	0.000170820868764190000
12.62	0.000170227019604308000
12.621	0.000169673680979906000
12.622	0.000169120342355504000
12.623	0.000168567003731102000
12.624	0.000168013665106700000
12.625	0.000167460326482298000
12.626	0.000166417049459159000
12.627	0.000165373772436020000
12.628	0.000164330495412881000
12.629	0.000163287218389742000
12.63	0.000162243941366602000
12.631	0.000160919610049433000
12.632	0.000159595278732263000
12.633	0.000158270947415092000
12.634	0.000156946616097922000
12.635	0.000155622284780752000
12.636	0.000153809809010970000
12.637	0.000151997333241189000
12.638	0.000150184857471407000
12.639	0.000148372381701625000
12.64	0.000146559905931844000
12.641	0.000145039841356479000
12.642	0.000143519776781114000
12.643	0.000141999712205750000
12.644	0.000140479647630386000
12.645	0.000138959583055021000
12.646	0.000137204659822179000
12.647	0.000135449736589337000
12.648	0.000133694813356494000
12.649	0.000131939890123652000
12.65	0.000130184966890810000
12.651	0.000128696792117540000
12.652	0.000127208617344270000
12.653	0.000125720442570999000
12.654	0.000124232267797729000
12.655	0.000122744093024459000
12.656	0.000121315281847901000
12.657	0.000119886470671343000
12.658	0.000118457659494786000
12.659	0.000117028848318228000
12.66	0.000115600037141670000
12.661	0.000114189504982594000
12.662	0.000112778972823517000
12.663	0.000111368440664442000
12.664	0.000109957908505366000
12.665	0.000108547376346290000
12.666	0.000107277350364458000
12.667	0.000106007324382626000
12.668	0.000104737298400794000
12.669	0.000103467272418962000
12.67	0.000102197246437130000
12.671	0.000100670175292869000
12.672	0.000099143104148607500
12.673	0.000097616033004346500
12.674	0.000096088961860085000
12.675	0.000094561890715824000
12.676	0.000093084977407845500
12.677	0.000091608064099867000
12.678	0.000090131150791888500
12.679	0.000088654237483910000
12.68	0.000087177324175931500
12.681	0.000085603693140577500
12.682	0.000084030062105223000
12.683	0.000082456431069868500
12.684	0.000080882800034514500
12.685	0.000079309168999160000
12.686	0.000077622104507803000
12.687	0.000075935040016446000
12.688	0.000074247975525088500
12.689	0.000072560911033731500
12.69	0.000070873846542374500
12.691	0.000069201296736617000
12.692	0.000067528746930860000
12.693	0.000065856197125103000
12.694	0.000064183647319346000
12.695	0.000062511097513588500
12.696	0.000060603201686905500
12.697	0.000058695305860222000
12.698	0.000056787410033539000
12.699	0.000054879514206855500
12.7	0.000052971618380172500
12.701	0.000051163884745899000
12.702	0.000049356151111625800
12.703	0.000047548417477352500
12.704	0.000045740683843079200
12.705	0.000043932950208805900
12.706	0.000042239865278819400
12.707	0.000040546780348833000
12.708	0.000038853695418846500
12.709	0.000037160610488860100
12.71	0.000035467525558873600
12.711	0.000033929053029964800
12.712	0.000032390580501055900
12.713	0.000030852107972147000
12.714	0.000029313635443238200
12.715	0.000027775162914329300
12.716	0.000026490119490639400
12.717	0.000025205076066949500
12.718	0.000023920032643259500
12.719	0.000022634989219569600
12.72	0.000021349945795879600
12.721	0.000020344687994107000
12.722	0.000019339430192334200
12.723	0.000018334172390561600
12.724	0.000017328914588788900
12.725	0.000016323656787016200
12.726	0.000015471640767798200
12.727	0.000014619624748580200
12.728	0.000013767608729362200
12.729	0.000012915592710144200
12.73	0.000012063576690926300
12.731	0.000011441086769490900
12.732	0.000010818596848055500
12.733	0.000010196106926620100
12.734	0.000009573617005184750
12.735	0.000008951127083749350
12.736	0.000008520075556786850
12.737	0.000008089024029824350
12.738	0.000007657972502861850
12.739	0.000007226920975899350
12.74	0.000006795869448936850
12.741	0.000006483462435838050
12.742	0.000006171055422739200
12.743	0.000005858648409640400
12.744	0.000005546241396541550
12.745	0.000005233834383442750
12.746	0.000005032115393900900
12.747	0.000004830396404359030
12.748	0.000004628677414817170
12.749	0.000004426958425275310
12.75	0.000004225239435733460
12.751	0.000004093797364778360
12.752	0.000003962355293823270
12.753	0.000003830913222868170
12.754	0.000003699471151913070
12.755	0.000003568029080957980
12.756	0.000003490777416505250
12.757	0.000003413525752052520
12.758	0.000003336274087599790
12.759	0.000003259022423147050
12.76	0.000003181770758694320
12.761	0.000003123968609626800
12.762	0.000003066166460559280
12.763	0.000003008364311491760
12.764	0.000002950562162424240
12.765	0.000002892760013356720
12.766	0.000002857102091223700
12.767	0.000002821444169090680
12.768	0.000002785786246957650
12.769	0.000002750128324824630
12.77	0.000002714470402691610
12.771	0.000002684235373239810
12.772	0.000002654000343788020
12.773	0.000002623765314336220
12.774	0.000002593530284884420
12.775	0.000002563295255432620
12.776	0.000002532139148780820
12.777	0.000002500983042129010
12.778	0.000002469826935477210
12.779	0.000002438670828825400
12.78	0.000002407514722173600
12.781	0.000002376618638156780
12.782	0.000002345722554139950
12.783	0.000002314826470123130
12.784	0.000002283930386106310
12.785	0.000002253034302089490
12.786	0.000002221804089908470
12.787	0.000002190573877727460
12.788	0.000002159343665546440
12.789	0.000002128113453365420
12.79	0.000002096883241184400
12.791	0.000002057983155792420
12.792	0.000002019083070400450
12.793	0.000001980182985008460
12.794	0.000001941282899616480
12.795	0.000001902382814224500
12.796	0.000001861439457618920
12.797	0.000001820496101013330
12.798	0.000001779552744407730
12.799	0.000001738609387802150
12.8	0.000001697666031196560
12.801	0.000001660962747103020
12.802	0.000001624259463009480
12.803	0.000001587556178915940
12.804	0.000001550852894822400
12.805	0.000001514149610728860
12.806	0.000001476483576700640
12.807	0.000001438817542672410
12.808	0.000001401151508644190
12.809	0.000001363485474615980
12.81	0.000001325819440587750
12.811	0.000001298702765980660
12.812	0.000001271586091373550
12.813	0.000001244469416766450
12.814	0.000001217352742159350
12.815	0.000001190236067552250
12.816	0.000001163530361140710
12.817	0.000001136824654729180
12.818	0.000001110118948317640
12.819	0.000001083413241906100
12.82	0.000001056707535494570
12.821	0.000001032822186829140
12.822	0.000001008936838163700
12.823	0.000000985051489498255
12.824	0.000000961166140832820
12.825	0.000000937280792167380
12.826	0.000000919053258807425
12.827	0.000000900825725447475
12.828	0.000000882598192087520
12.829	0.000000864370658727570
12.83	0.000000846143125367615
12.831	0.000000829598425197915
12.832	0.000000813053725028215
12.833	0.000000796509024858515
12.834	0.000000779964324688815
12.835	0.000000763419624519115
12.836	0.000000751029978949240
12.837	0.000000738640333379360
12.838	0.000000726250687809485
12.839	0.000000713861042239605
12.84	0.000000701471396669730
12.841	0.000000688873210859165
12.842	0.000000676275025048600
12.843	0.000000663676839238035
12.844	0.000000651078653427470
12.845	0.000000638480467616905
12.846	0.000000631589861018285
12.847	0.000000624699254419665
12.848	0.000000617808647821045
12.849	0.000000610918041222425
12.85	0.000000604027434623810
12.851	0.000000598540760578285
12.852	0.000000593054086532765
12.853	0.000000587567412487240
12.854	0.000000582080738441720
12.855	0.000000576594064396200
12.856	0.000000572642722406365
12.857	0.000000568691380416535
12.858	0.000000564740038426705
12.859	0.000000560788696436870
12.86	0.000000556837354447040
12.861	0.000000553914120690690
12.862	0.000000550990886934335
12.863	0.000000548067653177985
12.864	0.000000545144419421635
12.865	0.000000542221185665280
12.866	0.000000539402808430515
12.867	0.000000536584431195750
12.868	0.000000533766053960985
12.869	0.000000530947676726220
12.87	0.000000528129299491455
12.871	0.000000525412064946640
12.872	0.000000522694830401830
12.873	0.000000519977595857015
12.874	0.000000517260361312205
12.875	0.000000514543126767395
12.876	0.000000512572854691990
12.877	0.000000510602582616585
12.878	0.000000508632310541180
12.879	0.000000506662038465775
12.88	0.000000504691766390370
12.881	0.000000501521881301190
