10.283	0.000001002273380514090
10.284	0.000001021421363493460
10.285	0.000001040569346472830
10.286	0.000001056040525827690
10.287	0.000001071511705182540
10.288	0.000001086982884537400
10.289	0.000001102454063892260
10.29	0.000001117925243247110
10.291	0.000001155469047410840
10.292	0.000001193012851574570
10.293	0.000001230556655738310
10.294	0.000001268100459902040
10.295	0.000001305644264065770
10.296	0.000001397077576623780
10.297	0.000001488510889181790
10.298	0.000001579944201739800
10.299	0.000001671377514297820
10.3	0.000001762810826855830
10.301	0.000001895766873191470
10.302	0.000002028722919527120
10.303	0.000002161678965862760
10.304	0.000002294635012198410
10.305	0.000002427591058534050
10.306	0.000002445517703459250
10.307	0.000002463444348384460
10.308	0.000002481370993309660
10.309	0.000002499297638234870
10.31	0.000002517224283160070
10.311	0.000002430448320372390
10.312	0.000002343672357584700
10.313	0.000002256896394797020
10.314	0.000002170120432009330
10.315	0.000002083344469221650
10.316	0.000002031250386574580
10.317	0.000001979156303927510
10.318	0.000001927062221280430
10.319	0.000001874968138633360
10.32	0.000001822874055986290
10.321	0.000001790581827931140
10.322	0.000001758289599875990
10.323	0.000001725997371820840
10.324	0.000001693705143765700
10.325	0.000001661412915710550
10.326	0.000001640300962394080
10.327	0.000001619189009077610
10.328	0.000001598077055761140
10.329	0.000001576965102444670
10.33	0.000001555853149128200
10.331	0.000001539334583032610
10.332	0.000001522816016937010
10.333	0.000001506297450841410
10.334	0.000001489778884745810
10.335	0.000001473260318650210
10.336	0.000001502010696223120
10.337	0.000001530761073796020
10.338	0.000001559511451368930
10.339	0.000001588261828941840
10.34	0.000001617012206514750
10.341	0.000001663718200845620
10.342	0.000001710424195176490
10.343	0.000001757130189507370
10.344	0.000001803836183838240
10.345	0.000001850542178169110
10.346	0.000001846448547007250
10.347	0.000001842354915845390
10.348	0.000001838261284683520
10.349	0.000001834167653521660
10.35	0.000001830074022359800
10.351	0.000001778801740004720
10.352	0.000001727529457649640
10.353	0.000001676257175294570
10.354	0.000001624984892939490
10.355	0.000001573712610584410
10.356	0.000001536950381330210
10.357	0.000001500188152076010
10.358	0.000001463425922821810
10.359	0.000001426663693567610
10.36	0.000001389901464313410
10.361	0.000001382383733819970
10.362	0.000001374866003326520
10.363	0.000001367348272833080
10.364	0.000001359830542339630
10.365	0.000001352312811846180
10.366	0.000001388148100402330
10.367	0.000001423983388958480
10.368	0.000001459818677514620
10.369	0.000001495653966070770
10.37	0.000001531489254626910
10.371	0.000001585487017838860
10.372	0.000001639484781050810
10.373	0.000001693482544262760
10.374	0.000001747480307474720
10.375	0.000001801478070686670
10.376	0.000001831662068511950
10.377	0.000001861846066337230
10.378	0.000001892030064162520
10.379	0.000001922214061987800
10.38	0.000001952398059813090
10.381	0.000001973801207381880
10.382	0.000001995204354950680
10.383	0.000002016607502519480
10.384	0.000002038010650088280
10.385	0.000002059413797657080
10.386	0.000002093557003230430
10.387	0.000002127700208803780
10.388	0.000002161843414377130
10.389	0.000002195986619950480
10.39	0.000002230129825523830
10.391	0.000002266868272205310
10.392	0.000002303606718886780
10.393	0.000002340345165568260
10.394	0.000002377083612249740
10.395	0.000002413822058931210
10.396	0.000002459164164850440
10.397	0.000002504506270769670
10.398	0.000002549848376688890
10.399	0.000002595190482608120
10.4	0.000002640532588527340
10.401	0.000002692018718484280
10.402	0.000002743504848441210
10.403	0.000002794990978398140
10.404	0.000002846477108355080
10.405	0.000002897963238312010
10.406	0.000003005472535013390
10.407	0.000003112981831714770
10.408	0.000003220491128416160
10.409	0.000003328000425117540
10.41	0.000003435509721818920
10.411	0.000003575489072271340
10.412	0.000003715468422723760
10.413	0.000003855447773176180
10.414	0.000003995427123628600
10.415	0.000004135406474081020
10.416	0.000004238834215453750
10.417	0.000004342261956826480
10.418	0.000004445689698199210
10.419	0.000004549117439571940
10.42	0.000004652545180944670
10.421	0.000004759341088787320
10.422	0.000004866136996629970
10.423	0.000004972932904472620
10.424	0.000005079728812315270
10.425	0.000005186524720157920
10.426	0.000005362520381820030
10.427	0.000005538516043482130
10.428	0.000005714511705144240
10.429	0.000005890507366806340
10.43	0.000006066503028468450
10.431	0.000006255808269374960
10.432	0.000006445113510281470
10.433	0.000006634418751187970
10.434	0.000006823723992094480
10.435	0.000007013029233000990
10.436	0.000007332201372550730
10.437	0.000007651373512100470
10.438	0.000007970545651650210
10.439	0.000008289717791199950
10.44	0.000008608889930749690
10.441	0.000008994244571379650
10.442	0.000009379599212009610
10.443	0.000009764953852639570
10.444	0.000010150308493269500
10.445	0.000010535663133899500
10.446	0.000010471832272445800
10.447	0.000010408001410992200
10.448	0.000010344170549538500
10.449	0.000010280339688084900
10.45	0.000010216508826631200
10.451	0.000009801665405700140
10.452	0.000009386821984769050
10.453	0.000008971978563837960
10.454	0.000008557135142906870
10.455	0.000008142291721975790
10.456	0.000007858539782614200
10.457	0.000007574787843252620
10.458	0.000007291035903891030
10.459	0.000007007283964529450
10.46	0.000006723532025167870
10.461	0.000006523315564748790
10.462	0.000006323099104329720
10.463	0.000006122882643910640
10.464	0.000005922666183491570
10.465	0.000005722449723072490
10.466	0.000005540975730937800
10.467	0.000005359501738803100
10.468	0.000005178027746668410
10.469	0.000004996553754533710
10.47	0.000004815079762399020
10.471	0.000004791417923306150
10.472	0.000004767756084213280
10.473	0.000004744094245120420
10.474	0.000004720432406027550
10.475	0.000004696770566934680
10.476	0.000004847113136414720
10.477	0.000004997455705894760
10.478	0.000005147798275374790
10.479	0.000005298140844854830
10.48	0.000005448483414334870
10.481	0.000005639961922717130
10.482	0.000005831440431099400
10.483	0.000006022918939481670
10.484	0.000006214397447863940
10.485	0.000006405875956246210
10.486	0.000006702233282235400
10.487	0.000006998590608224600
10.488	0.000007294947934213800
10.489	0.000007591305260202990
10.49	0.000007887662586192190
10.491	0.000008306467995465280
10.492	0.000008725273404738380
10.493	0.000009144078814011470
10.494	0.000009562884223284560
10.495	0.000009981689632557650
10.496	0.000010459690602251500
10.497	0.000010937691571945400
10.498	0.000011415692541639300
10.499	0.000011893693511333200
10.5	0.000012371694481027000
10.501	0.000012883024739170900
10.502	0.000013394354997314700
10.503	0.000013905685255458500
10.504	0.000014417015513602300
10.505	0.000014928345771746100
10.506	0.000015584257761473300
10.507	0.000016240169751200500
10.508	0.000016896081740927700
10.509	0.000017551993730654900
10.51	0.000018207905720382100
10.511	0.000019181607222732500
10.512	0.000020155308725082800
10.513	0.000021129010227433200
10.514	0.000022102711729783600
10.515	0.000023076413232134000
10.516	0.000023922665809082500
10.517	0.000024768918386031100
10.518	0.000025615170962979600
10.519	0.000026461423539928200
10.52	0.000027307676116876700
10.521	0.000027991132670943800
10.522	0.000028674589225010900
10.523	0.000029358045779078100
10.524	0.000030041502333145200
10.525	0.000030724958887212300
10.526	0.000030599758507987100
10.527	0.000030474558128761800
10.528	0.000030349357749536600
10.529	0.000030224157370311400
10.53	0.000030098956991086200
10.531	0.000029620258984702100
10.532	0.000029141560978318100
10.533	0.000028662862971934100
10.534	0.000028184164965550000
10.535	0.000027705466959166000
10.536	0.000027591154721847300
10.537	0.000027476842484528700
10.538	0.000027362530247210100
10.539	0.000027248218009891500
10.54	0.000027133905772572900
10.541	0.000027248218009891500
10.542	0.000027362530247210100
10.543	0.000027476842484528700
10.544	0.000027591154721847300
10.545	0.000027705466959166000
10.546	0.000027976829133237600
10.547	0.000028248191307309200
10.548	0.000028519553481380800
10.549	0.000028790915655452400
10.55	0.000029062277829524000
10.551	0.000029394814041061700
10.552	0.000029727350252599300
10.553	0.000030059886464137000
10.554	0.000030392422675674600
10.555	0.000030724958887212300
10.556	0.000031525177718030400
10.557	0.000032325396548848500
10.558	0.000033125615379666600
10.559	0.000033925834210484700
10.56	0.000034726053041302800
10.561	0.000035661009844913700
10.562	0.000036595966648524500
10.563	0.000037530923452135400
10.564	0.000038465880255746200
10.565	0.000039400837059357100
10.566	0.000040926770213993000
10.567	0.000042452703368629000
10.568	0.000043978636523264900
10.569	0.000045504569677900900
10.57	0.000047030502832536800
10.571	0.000049681555162650400
10.572	0.000052332607492763900
10.573	0.000054983659822877500
10.574	0.000057634712152991000
10.575	0.000060285764483104600
10.576	0.000062737255377243800
10.577	0.000065188746271383100
10.578	0.000067640237165522300
10.579	0.000070091728059661600
10.58	0.000072543218953800800
10.581	0.000075714405821116800
10.582	0.000078885592688432700
10.583	0.000082056779555748700
10.584	0.000085227966423064600
10.585	0.000088399153290380600
10.586	0.000093465039708357800
10.587	0.000098530926126335100
10.588	0.000103596812544312000
10.589	0.000108662698962290000
10.59	0.000113728585380267000
10.591	0.000115317391653022000
10.592	0.000116906197925777000
10.593	0.000118495004198531000
10.594	0.000120083810471286000
10.595	0.000121672616744041000
10.596	0.000122590246882751000
10.597	0.000123507877021462000
10.598	0.000124425507160172000
10.599	0.000125343137298883000
10.6	0.000126260767437593000
10.601	0.000129715465941834000
10.602	0.000133170164446076000
10.603	0.000136624862950317000
10.604	0.000140079561454558000
10.605	0.000143534259958800000
10.606	0.000148864703595464000
10.607	0.000154195147232129000
10.608	0.000159525590868794000
10.609	0.000164856034505458000
10.61	0.000170186478142123000
10.611	0.000167770945298476000
10.612	0.000165355412454830000
10.613	0.000162939879611183000
10.614	0.000160524346767537000
10.615	0.000158108813923890000
10.616	0.000154014099494073000
10.617	0.000149919385064256000
10.618	0.000145824670634439000
10.619	0.000141729956204622000
10.62	0.000137635241774805000
10.621	0.000134037229134479000
10.622	0.000130439216494153000
10.623	0.000126841203853827000
10.624	0.000123243191213500000
10.625	0.000119645178573174000
10.626	0.000117700072321517000
10.627	0.000115754966069859000
10.628	0.000113809859818202000
10.629	0.000111864753566544000
10.63	0.000109919647314887000
10.631	0.000107759696149339000
10.632	0.000105599744983792000
10.633	0.000103439793818245000
10.634	0.000101279842652697000
10.635	0.000099119891487150000
10.636	0.000099198075344753700
10.637	0.000099276259202357500
10.638	0.000099354443059961200
10.639	0.000099432626917565000
10.64	0.000099510810775168700
10.641	0.000100851971838687000
10.642	0.000102193132902205000
10.643	0.000103534293965723000
10.644	0.000104875455029241000
10.645	0.000106216616092759000
10.646	0.000109225442459269000
10.647	0.000112234268825780000
10.648	0.000115243095192290000
10.649	0.000118251921558801000
10.65	0.000121260747925311000
10.651	0.000126661944534172000
10.652	0.000132063141143032000
10.653	0.000137464337751893000
10.654	0.000142865534360753000
10.655	0.000148266730969614000
10.656	0.000152411719786062000
10.657	0.000156556708602511000
10.658	0.000160701697418959000
10.659	0.000164846686235408000
10.66	0.000168991675051857000
10.661	0.000171627154618251000
10.662	0.000174262634184644000
10.663	0.000176898113751038000
10.664	0.000179533593317432000
10.665	0.000182169072883826000
10.666	0.000183423768725424000
10.667	0.000184678464567022000
10.668	0.000185933160408620000
10.669	0.000187187856250218000
10.67	0.000188442552091817000
10.671	0.000189616517537422000
10.672	0.000190790482983027000
10.673	0.000191964448428633000
10.674	0.000193138413874238000
10.675	0.000194312379319843000
10.676	0.000196126913364574000
10.677	0.000197941447409305000
10.678	0.000199755981454037000
10.679	0.000201570515498768000
10.68	0.000203385049543499000
10.681	0.000207092929765049000
10.682	0.000210800809986599000
10.683	0.000214508690208149000
10.684	0.000218216570429699000
10.685	0.000221924450651249000
10.686	0.000224058319858620000
10.687	0.000226192189065991000
10.688	0.000228326058273362000
10.689	0.000230459927480732000
10.69	0.000232593796688103000
10.691	0.000236707413968688000
10.692	0.000240821031249274000
10.693	0.000244934648529859000
10.694	0.000249048265810445000
10.695	0.000253161883091030000
10.696	0.000260862280117044000
10.697	0.000268562677143057000
10.698	0.000276263074169071000
10.699	0.000283963471195085000
10.7	0.000291663868221098000
10.701	0.000297829637008978000
10.702	0.000303995405796858000
10.703	0.000310161174584737000
10.704	0.000316326943372617000
10.705	0.000322492712160497000
10.706	0.000329128250711763000
10.707	0.000335763789263029000
10.708	0.000342399327814294000
10.709	0.000349034866365560000
10.71	0.000355670404916826000
10.711	0.000363782572215296000
10.712	0.000371894739513766000
10.713	0.000380006906812236000
10.714	0.000388119074110706000
10.715	0.000396231241409176000
10.716	0.000400933095300167000
10.717	0.000405634949191158000
10.718	0.000410336803082150000
10.719	0.000415038656973141000
10.72	0.000419740510864132000
10.721	0.000425279331323362000
10.722	0.000430818151782592000
10.723	0.000436356972241823000
10.724	0.000441895792701053000
10.725	0.000447434613160283000
10.726	0.000451848476864586000
10.727	0.000456262340568889000
10.728	0.000460676204273192000
10.729	0.000465090067977494000
10.73	0.000469503931681797000
10.731	0.000476857962699871000
10.732	0.000484211993717944000
10.733	0.000491566024736018000
10.734	0.000498920055754091000
10.735	0.000506274086772165000
10.736	0.000513718670354517000
10.737	0.000521163253936869000
10.738	0.000528607837519221000
10.739	0.000536052421101573000
10.74	0.000543497004683925000
10.741	0.000552288668109716000
10.742	0.000561080331535507000
10.743	0.000569871994961298000
10.744	0.000578663658387089000
10.745	0.000587455321812880000
10.746	0.000595322487705409000
10.747	0.000603189653597939000
10.748	0.000611056819490469000
10.749	0.000618923985382998000
10.75	0.000626791151275528000
10.751	0.000634508390643628000
10.752	0.000642225630011727000
10.753	0.000649942869379827000
10.754	0.000657660108747926000
10.755	0.000665377348116026000
10.756	0.000674886972618343000
10.757	0.000684396597120660000
10.758	0.000693906221622976000
10.759	0.000703415846125293000
10.76	0.000712925470627610000
10.761	0.000721057821960292000
10.762	0.000729190173292974000
10.763	0.000737322524625655000
10.764	0.000745454875958337000
10.765	0.000753587227291019000
10.766	0.000761173267045644000
10.767	0.000768759306800268000
10.768	0.000776345346554893000
10.769	0.000783931386309518000
10.77	0.000791517426064142000
10.771	0.000799146680555118000
10.772	0.000806775935046093000
10.773	0.000814405189537069000
10.774	0.000822034444028044000
10.775	0.000829663698519020000
10.776	0.000832959694882860000
10.777	0.000836255691246700000
10.778	0.000839551687610540000
10.779	0.000842847683974380000
10.78	0.000846143680338220000
10.781	0.000852537053412892000
10.782	0.000858930426487564000
10.783	0.000865323799562236000
10.784	0.000871717172636909000
10.785	0.000878110545711581000
10.786	0.000896093847103949000
10.787	0.000914077148496317000
10.788	0.000932060449888685000
10.789	0.000950043751281054000
10.79	0.000968027052673422000
10.791	0.000986627986004942000
10.792	0.001005228919336460000
10.793	0.001023829852667980000
10.794	0.001042430785999500000
10.795	0.001061031719331020000
10.796	0.001069813022044100000
10.797	0.001078594324757190000
10.798	0.001087375627470270000
10.799	0.001096156930183350000
10.8	0.001104938232896430000
10.801	0.001108445432624560000
10.802	0.001111952632352690000
10.803	0.001115459832080810000
10.804	0.001118967031808940000
10.805	0.001122474231537070000
10.806	0.001126108111952600000
10.807	0.001129741992368140000
10.808	0.001133375872783670000
10.809	0.001137009753199210000
10.81	0.001140643633614740000
10.811	0.001144163632870010000
10.812	0.001147683632125280000
10.813	0.001151203631380550000
10.814	0.001154723630635820000
10.815	0.001158243629891080000
10.816	0.001159909494476740000
10.817	0.001161575359062390000
10.818	0.001163241223648040000
10.819	0.001164907088233690000
10.82	0.001166572952819340000
10.821	0.001168389861259980000
10.822	0.001170206769700620000
10.823	0.001172023678141250000
10.824	0.001173840586581890000
10.825	0.001175657495022530000
10.826	0.001177428685519950000
10.827	0.001179199876017370000
10.828	0.001180971066514790000
10.829	0.001182742257012210000
10.83	0.001184513447509620000
10.831	0.001186172713411280000
10.832	0.001187831979312930000
10.833	0.001189491245214580000
10.834	0.001191150511116240000
10.835	0.001192809777017890000
10.836	0.001189210683443510000
10.837	0.001185611589869130000
10.838	0.001182012496294750000
10.839	0.001178413402720360000
10.84	0.001174814309145980000
10.841	0.001171217765663610000
10.842	0.001167621222181240000
10.843	0.001164024678698870000
10.844	0.001160428135216500000
10.845	0.001156831591734130000
10.846	0.001144462636207460000
10.847	0.001132093680680800000
10.848	0.001119724725154140000
10.849	0.001107355769627470000
10.85	0.001094986814100810000
10.851	0.001079421267151160000
10.852	0.001063855720201500000
10.853	0.001048290173251850000
10.854	0.001032724626302190000
10.855	0.001017159079352540000
10.856	0.001020673253129590000
10.857	0.001024187426906640000
10.858	0.001027701600683680000
10.859	0.001031215774460730000
10.86	0.001034729948237780000
10.861	0.001052112780251330000
10.862	0.001069495612264870000
10.863	0.001086878444278420000
10.864	0.001104261276291970000
10.865	0.001121644108305520000
10.866	0.001144833128712040000
10.867	0.001168022149118570000
10.868	0.001191211169525090000
10.869	0.001214400189931610000
10.87	0.001237589210338140000
10.871	0.001255498536850400000
10.872	0.001273407863362660000
10.873	0.001291317189874930000
10.874	0.001309226516387190000
10.875	0.001327135842899450000
10.876	0.001339701569215260000
10.877	0.001352267295531060000
10.878	0.001364833021846870000
10.879	0.001377398748162670000
10.88	0.001389964474478480000
10.881	0.001400705551283600000
10.882	0.001411446628088720000
10.883	0.001422187704893840000
10.884	0.001432928781698950000
10.885	0.001443669858504070000
10.886	0.001448907879293070000
10.887	0.001454145900082070000
10.888	0.001459383920871060000
10.889	0.001464621941660060000
10.89	0.001469859962449050000
10.891	0.001475142451041610000
10.892	0.001480424939634180000
10.893	0.001485707428226740000
10.894	0.001490989916819300000
10.895	0.001496272405411860000
10.896	0.001497964549106010000
10.897	0.001499656692800160000
10.898	0.001501348836494300000
10.899	0.001503040980188450000
10.9	0.001504733123882600000
10.901	0.001506411239842780000
10.902	0.001508089355802960000
10.903	0.001509767471763140000
10.904	0.001511445587723320000
10.905	0.001513123703683500000
10.906	0.001514787040139820000
10.907	0.001516450376596150000
10.908	0.001518113713052470000
10.909	0.001519777049508800000
10.91	0.001521440385965130000
10.911	0.001521440385965130000
10.912	0.001521440385965130000
10.913	0.001521440385965130000
10.914	0.001521440385965130000
10.915	0.001521440385965130000
10.916	0.001514535007877010000
10.917	0.001507629629788890000
10.918	0.001500724251700780000
10.919	0.001493818873612660000
10.92	0.001486913495524540000
10.921	0.001474602516568300000
10.922	0.001462291537612060000
10.923	0.001449980558655820000
10.924	0.001437669579699590000
10.925	0.001425358600743350000
10.926	0.001416470183399300000
10.927	0.001407581766055250000
10.928	0.001398693348711200000
10.929	0.001389804931367150000
10.93	0.001380916514023110000
10.931	0.001377372946291540000
10.932	0.001373829378559970000
10.933	0.001370285810828410000
10.934	0.001366742243096840000
10.935	0.001363198675365270000
10.936	0.001363198675365270000
10.937	0.001363198675365270000
10.938	0.001363198675365270000
10.939	0.001363198675365270000
10.94	0.001363198675365270000
10.941	0.001352397680698270000
10.942	0.001341596686031270000
10.943	0.001330795691364260000
10.944	0.001319994696697260000
10.945	0.001309193702030260000
10.946	0.001287667961352510000
10.947	0.001266142220674760000
10.948	0.001244616479997020000
10.949	0.001223090739319270000
10.95	0.001201564998641530000
10.951	0.001183873288601250000
10.952	0.001166181578560970000
10.953	0.001148489868520690000
10.954	0.001130798158480410000
10.955	0.001113106448440130000
10.956	0.001100959514934230000
10.957	0.001088812581428330000
10.958	0.001076665647922430000
10.959	0.001064518714416530000
10.96	0.001052371780910630000
10.961	0.001043694059842000000
10.962	0.001035016338773360000
10.963	0.001026338617704730000
10.964	0.001017660896636090000
10.965	0.001008983175567450000
10.966	0.000997142407555935000
10.967	0.000985301639544417000
10.968	0.000973460871532898000
10.969	0.000961620103521380000
10.97	0.000949779335509862000
10.971	0.000941592670880572000
10.972	0.000933406006251282000
10.973	0.000925219341621992000
10.974	0.000917032676992702000
10.975	0.000908846012363412000
10.976	0.000904185964022604000
10.977	0.000899525915681795000
10.978	0.000894865867340987000
10.979	0.000890205819000178000
10.98	0.000885545770659370000
10.981	0.000884058725669812000
10.982	0.000882571680680254000
10.983	0.000881084635690696000
10.984	0.000879597590701138000
10.985	0.000878110545711581000
10.986	0.000883237544737092000
10.987	0.000888364543762604000
10.988	0.000893491542788116000
10.989	0.000898618541813628000
10.99	0.000903745540839139000
10.991	0.000908650564937586000
10.992	0.000913555589036034000
10.993	0.000918460613134481000
10.994	0.000923365637232928000
10.995	0.000928270661331375000
10.996	0.000934656392306397000
10.997	0.000941042123281419000
10.998	0.000947427854256441000
10.999	0.000953813585231464000
11	0.000960199316206486000
11.001	0.000972018530953098000
11.002	0.000983837745699711000
11.003	0.000995656960446324000
11.004	0.001007476175192940000
11.005	0.001019295389939550000
11.006	0.001034744020282010000
11.007	0.001050192650624480000
11.008	0.001065641280966940000
11.009	0.001081089911309410000
11.01	0.001096538541651880000
11.011	0.001096538541651880000
11.012	0.001096538541651880000
11.013	0.001096538541651880000
11.014	0.001096538541651880000
11.015	0.001096538541651880000
11.016	0.001087862814368910000
11.017	0.001079187087085950000
11.018	0.001070511359802990000
11.019	0.001061835632520030000
11.02	0.001053159905237070000
11.021	0.001042702639729970000
11.022	0.001032245374222870000
11.023	0.001021788108715770000
11.024	0.001011330843208670000
11.025	0.001000873577701570000
11.026	0.000988984796996187000
11.027	0.000977096016290807000
11.028	0.000965207235585428000
11.029	0.000953318454880048000
11.03	0.000941429674174669000
11.031	0.000926464698531048000
11.032	0.000911499722887427000
11.033	0.000896534747243806000
11.034	0.000881569771600185000
11.035	0.000866604795956564000
11.036	0.000860202515865819000
11.037	0.000853800235775075000
11.038	0.000847397955684330000
11.039	0.000840995675593585000
11.04	0.000834593395502840000
11.041	0.000834593395502840000
11.042	0.000834593395502840000
11.043	0.000834593395502840000
11.044	0.000834593395502840000
11.045	0.000834593395502840000
11.046	0.000836287063827192000
11.047	0.000837980732151544000
11.048	0.000839674400475897000
11.049	0.000841368068800249000
11.05	0.000843061737124601000
11.051	0.000844766494321775000
11.052	0.000846471251518948000
11.053	0.000848176008716122000
11.054	0.000849880765913295000
11.055	0.000851585523110469000
11.056	0.000859556944187064000
11.057	0.000867528365263659000
11.058	0.000875499786340254000
11.059	0.000883471207416848000
11.06	0.000891442628493443000
11.061	0.000916513899695660000
11.062	0.000941585170897877000
11.063	0.000966656442100094000
11.064	0.000991727713302311000
11.065	0.001016798984504530000
11.066	0.001048365229532070000
11.067	0.001079931474559620000
11.068	0.001111497719587160000
11.069	0.001143063964614710000
11.07	0.001174630209642260000
11.071	0.001201540413862790000
11.072	0.001228450618083330000
11.073	0.001255360822303860000
11.074	0.001282271026524400000
11.075	0.001309181230744930000
11.076	0.001321769515261890000
11.077	0.001334357799778850000
11.078	0.001346946084295800000
11.079	0.001359534368812760000
11.08	0.001372122653329720000
11.081	0.001389946147939130000
11.082	0.001407769642548540000
11.083	0.001425593137157950000
11.084	0.001443416631767360000
11.085	0.001461240126376770000
11.086	0.001471810304221420000
11.087	0.001482380482066070000
11.088	0.001492950659910720000
11.089	0.001503520837755370000
11.09	0.001514091015600020000
11.091	0.001521058400609240000
11.092	0.001528025785618460000
11.093	0.001534993170627680000
11.094	0.001541960555636890000
11.095	0.001548927940646110000
11.096	0.001562619289655230000
11.097	0.001576310638664350000
11.098	0.001590001987673470000
11.099	0.001603693336682590000
11.1	0.001617384685691710000
11.101	0.001633796773229610000
11.102	0.001650208860767510000
11.103	0.001666620948305410000
11.104	0.001683033035843300000
11.105	0.001699445123381200000
11.106	0.001709110940259870000
11.107	0.001718776757138530000
11.108	0.001728442574017200000
11.109	0.001738108390895860000
11.11	0.001747774207774530000
11.111	0.001744628533440540000
11.112	0.001741482859106550000
11.113	0.001738337184772570000
11.114	0.001735191510438580000
11.115	0.001732045836104590000
11.116	0.001730327332149060000
11.117	0.001728608828193530000
11.118	0.001726890324238010000
11.119	0.001725171820282480000
11.12	0.001723453316326950000
11.121	0.001729418338229210000
11.122	0.001735383360131470000
11.123	0.001741348382033740000
11.124	0.001747313403936000000
11.125	0.001753278425838260000
11.126	0.001761061956530320000
11.127	0.001768845487222380000
11.128	0.001776629017914440000
11.129	0.001784412548606500000
11.13	0.001792196079298560000
11.131	0.001798456864275730000
11.132	0.001804717649252900000
11.133	0.001810978434230060000
11.134	0.001817239219207230000
11.135	0.001823500004184390000
11.136	0.001830670510277880000
11.137	0.001837841016371370000
11.138	0.001845011522464860000
11.139	0.001852182028558350000
11.14	0.001859352534651840000
11.141	0.001865056364614470000
11.142	0.001870760194577100000
11.143	0.001876464024539730000
11.144	0.001882167854502360000
11.145	0.001887871684464990000
11.146	0.001889041634038380000
11.147	0.001890211583611770000
11.148	0.001891381533185160000
11.149	0.001892551482758550000
11.15	0.001893721432331940000
11.151	0.001894861388590360000
11.152	0.001896001344848790000
11.153	0.001897141301107210000
11.154	0.001898281257365630000
11.155	0.001899421213624060000
11.156	0.001901836934744800000
11.157	0.001904252655865540000
11.158	0.001906668376986280000
11.159	0.001909084098107020000
11.16	0.001911499819227760000
11.161	0.001919056143394210000
11.162	0.001926612467560660000
11.163	0.001934168791727120000
11.164	0.001941725115893570000
11.165	0.001949281440060030000
11.166	0.001958813708671340000
11.167	0.001968345977282640000
11.168	0.001977878245893950000
11.169	0.001987410514505260000
11.17	0.001996942783116560000
11.171	0.002010211158894620000
11.172	0.002023479534672680000
11.173	0.002036747910450730000
11.174	0.002050016286228790000
11.175	0.002063284662006840000
11.176	0.002073055199794230000
11.177	0.002082825737581620000
11.178	0.002092596275369010000
11.179	0.002102366813156390000
11.18	0.002112137350943780000
11.181	0.002117051762836380000
11.182	0.002121966174728970000
11.183	0.002126880586621560000
11.184	0.002131794998514160000
11.185	0.002136709410406750000
11.186	0.002140686840471090000
11.187	0.002144664270535420000
11.188	0.002148641700599760000
11.189	0.002152619130664100000
11.19	0.002156596560728430000
11.191	0.002158307297545100000
11.192	0.002160018034361770000
11.193	0.002161728771178450000
11.194	0.002163439507995120000
11.195	0.002165150244811790000
11.196	0.002166347696547540000
11.197	0.002167545148283300000
11.198	0.002168742600019050000
11.199	0.002169940051754800000
11.2	0.002171137503490560000
11.201	0.002166636496462530000
11.202	0.002162135489434510000
11.203	0.002157634482406480000
11.204	0.002153133475378460000
11.205	0.002148632468350430000
11.206	0.002144373687556230000
11.207	0.002140114906762020000
11.208	0.002135856125967810000
11.209	0.002131597345173600000
11.21	0.002127338564379400000
11.211	0.002119731633899990000
11.212	0.002112124703420580000
11.213	0.002104517772941180000
11.214	0.002096910842461770000
11.215	0.002089303911982360000
11.216	0.002082403913612780000
11.217	0.002075503915243190000
11.218	0.002068603916873610000
11.219	0.002061703918504020000
11.22	0.002054803920134440000
11.221	0.002046172579422950000
11.222	0.002037541238711460000
11.223	0.002028909897999970000
11.224	0.002020278557288480000
11.225	0.002011647216576990000
11.226	0.002001138006422590000
11.227	0.001990628796268190000
11.228	0.001980119586113790000
11.229	0.001969610375959390000
11.23	0.001959101165804990000
11.231	0.001944258286002560000
11.232	0.001929415406200130000
11.233	0.001914572526397700000
11.234	0.001899729646595270000
11.235	0.001884886766792840000
11.236	0.001862074136062340000
11.237	0.001839261505331840000
11.238	0.001816448874601340000
11.239	0.001793636243870840000
11.24	0.001770823613140340000
11.241	0.001745907020887790000
11.242	0.001720990428635240000
11.243	0.001696073836382680000
11.244	0.001671157244130130000
11.245	0.001646240651877580000
11.246	0.001618152191825670000
11.247	0.001590063731773760000
11.248	0.001561975271721840000
11.249	0.001533886811669930000
11.25	0.001505798351618020000
11.251	0.001488709684671860000
11.252	0.001471621017725700000
11.253	0.001454532350779540000
11.254	0.001437443683833380000
11.255	0.001420355016887220000
11.256	0.001411691783134950000
11.257	0.001403028549382680000
11.258	0.001394365315630420000
11.259	0.001385702081878150000
11.26	0.001377038848125880000
11.261	0.001364881006599200000
11.262	0.001352723165072530000
11.263	0.001340565323545850000
11.264	0.001328407482019170000
11.265	0.001316249640492500000
11.266	0.001288621711496210000
11.267	0.001260993782499920000
11.268	0.001233365853503640000
11.269	0.001205737924507350000
11.27	0.001178109995511070000
11.271	0.001162863622279530000
11.272	0.001147617249048000000
11.273	0.001132370875816460000
11.274	0.001117124502584930000
11.275	0.001101878129353390000
11.276	0.001100251215905570000
11.277	0.001098624302457740000
11.278	0.001096997389009920000
11.279	0.001095370475562090000
11.28	0.001093743562114260000
11.281	0.001092189966376870000
11.282	0.001090636370639480000
11.283	0.001089082774902090000
11.284	0.001087529179164700000
11.285	0.001085975583427310000
11.286	0.001082786595916430000
11.287	0.001079597608405550000
11.288	0.001076408620894680000
11.289	0.001073219633383800000
11.29	0.001070030645872920000
11.291	0.001064994886519580000
11.292	0.001059959127166240000
11.293	0.001054923367812890000
11.294	0.001049887608459550000
11.295	0.001044851849106210000
11.296	0.001049814239703930000
11.297	0.001054776630301650000
11.298	0.001059739020899370000
11.299	0.001064701411497090000
11.3	0.001069663802094810000
11.301	0.001068081101512750000
11.302	0.001066498400930690000
11.303	0.001064915700348630000
11.304	0.001063332999766580000
11.305	0.001061750299184520000
11.306	0.001055255180592930000
11.307	0.001048760062001340000
11.308	0.001042264943409760000
11.309	0.001035769824818170000
11.31	0.001029274706226580000
11.311	0.001021059797487650000
11.312	0.001012844888748730000
11.313	0.001004629980009800000
11.314	0.000996415071270877000
11.315	0.000988200162531952000
11.316	0.000978612352378346000
11.317	0.000969024542224741000
11.318	0.000959436732071135000
11.319	0.000949848921917530000
11.32	0.000940261111763924000
11.321	0.000930648362647255000
11.322	0.000921035613530586000
11.323	0.000911422864413916000
11.324	0.000901810115297247000
11.325	0.000892197366180577000
11.326	0.000881498241918532000
11.327	0.000870799117656486000
11.328	0.000860099993394441000
11.329	0.000849400869132395000
11.33	0.000838701744870350000
11.331	0.000834097606501230000
11.332	0.000829493468132110000
11.333	0.000824889329762991000
11.334	0.000820285191393871000
11.335	0.000815681053024751000
11.336	0.000812963736270279000
11.337	0.000810246419515806000
11.338	0.000807529102761334000
11.339	0.000804811786006861000
11.34	0.000802094469252389000
11.341	0.000799438935193742000
11.342	0.000796783401135095000
11.343	0.000794127867076448000
11.344	0.000791472333017801000
11.345	0.000788816798959154000
11.346	0.000786069237323220000
11.347	0.000783321675687287000
11.348	0.000780574114051353000
11.349	0.000777826552415419000
11.35	0.000775078990779486000
11.351	0.000770791860996779000
11.352	0.000766504731214073000
11.353	0.000762217601431366000
11.354	0.000757930471648659000
11.355	0.000753643341865953000
11.356	0.000748027914186390000
11.357	0.000742412486506827000
11.358	0.000736797058827265000
11.359	0.000731181631147702000
11.36	0.000725566203468139000
11.361	0.000719756445372074000
11.362	0.000713946687276009000
11.363	0.000708136929179943000
11.364	0.000702327171083878000
11.365	0.000696517412987813000
11.366	0.000693390079655754000
11.367	0.000690262746323696000
11.368	0.000687135412991637000
11.369	0.000684008079659579000
11.37	0.000680880746327520000
11.371	0.000688984546334505000
11.372	0.000697088346341490000
11.373	0.000705192146348475000
11.374	0.000713295946355459000
11.375	0.000721399746362444000
11.376	0.000732907229274926000
11.377	0.000744414712187408000
11.378	0.000755922195099890000
11.379	0.000767429678012372000
11.38	0.000778937160924854000
11.381	0.000778937160924854000
11.382	0.000778937160924854000
11.383	0.000778937160924854000
11.384	0.000778937160924854000
11.385	0.000778937160924854000
11.386	0.000768827878571768000
11.387	0.000758718596218683000
11.388	0.000748609313865597000
11.389	0.000738500031512511000
11.39	0.000728390749159425000
11.391	0.000709515901564289000
11.392	0.000690641053969152000
11.393	0.000671766206374015000
11.394	0.000652891358778879000
11.395	0.000634016511183742000
11.396	0.000615528539958820000
11.397	0.000597040568733898000
11.398	0.000578552597508976000
11.399	0.000560064626284054000
11.4	0.000541576655059132000
11.401	0.000528252433288218000
11.402	0.000514928211517304000
11.403	0.000501603989746391000
11.404	0.000488279767975477000
11.405	0.000474955546204563000
11.406	0.000463660919684682000
11.407	0.000452366293164800000
11.408	0.000441071666644919000
11.409	0.000429777040125037000
11.41	0.000418482413605156000
11.411	0.000411808406699826000
11.412	0.000405134399794495000
11.413	0.000398460392889165000
11.414	0.000391786385983835000
11.415	0.000385112379078504000
11.416	0.000384329322622129000
11.417	0.000383546266165754000
11.418	0.000382763209709378000
11.419	0.000381980153253003000
11.42	0.000381197096796628000
11.421	0.000382909390955080000
11.422	0.000384621685113533000
11.423	0.000386333979271985000
11.424	0.000388046273430437000
11.425	0.000389758567588889000
11.426	0.000394393103999187000
11.427	0.000399027640409484000
11.428	0.000403662176819782000
11.429	0.000408296713230079000
11.43	0.000412931249640377000
11.431	0.000415888130572155000
11.432	0.000418845011503934000
11.433	0.000421801892435712000
11.434	0.000424758773367491000
11.435	0.000427715654299269000
11.436	0.000429727783981281000
11.437	0.000431739913663293000
11.438	0.000433752043345304000
11.439	0.000435764173027316000
11.44	0.000437776302709328000
11.441	0.000439821251725212000
11.442	0.000441866200741096000
11.443	0.000443911149756980000
11.444	0.000445956098772864000
11.445	0.000448001047788748000
11.446	0.000448001047788748000
11.447	0.000448001047788748000
11.448	0.000448001047788748000
11.449	0.000448001047788748000
11.45	0.000448001047788748000
11.451	0.000452324077129305000
11.452	0.000456647106469862000
11.453	0.000460970135810420000
11.454	0.000465293165150977000
11.455	0.000469616194491534000
11.456	0.000471760181937695000
11.457	0.000473904169383855000
11.458	0.000476048156830016000
11.459	0.000478192144276177000
11.46	0.000480336131722338000
11.461	0.000479260014618783000
11.462	0.000478183897515228000
11.463	0.000477107780411673000
11.464	0.000476031663308118000
11.465	0.000474955546204563000
11.466	0.000471642500353794000
11.467	0.000468329454503025000
11.468	0.000465016408652256000
11.469	0.000461703362801487000
11.47	0.000458390316950718000
11.471	0.000453390748891582000
11.472	0.000448391180832446000
11.473	0.000443391612773310000
11.474	0.000438392044714174000
11.475	0.000433392476655038000
11.476	0.000429432753538062000
11.477	0.000425473030421085000
11.478	0.000421513307304109000
11.479	0.000417553584187132000
11.48	0.000413593861070156000
11.481	0.000415698231370701000
11.482	0.000417802601671247000
11.483	0.000419906971971793000
11.484	0.000422011342272338000
11.485	0.000424115712572884000
11.486	0.000424968900284959000
11.487	0.000425822087997035000
11.488	0.000426675275709110000
11.489	0.000427528463421185000
11.49	0.000428381651133261000
11.491	0.000424322236219351000
11.492	0.000420262821305442000
11.493	0.000416203406391533000
11.494	0.000412143991477624000
11.495	0.000408084576563715000
11.496	0.000402315723523682000
11.497	0.000396546870483649000
11.498	0.000390778017443616000
11.499	0.000385009164403583000
11.5	0.000379240311363550000
11.501	0.000370471536548566000
11.502	0.000361702761733581000
11.503	0.000352933986918597000
11.504	0.000344165212103612000
11.505	0.000335396437288628000
11.506	0.000330625655268584000
11.507	0.000325854873248541000
11.508	0.000321084091228497000
11.509	0.000316313309208453000
11.51	0.000311542527188410000
11.511	0.000309973523531362000
11.512	0.000308404519874314000
11.513	0.000306835516217265000
11.514	0.000305266512560217000
11.515	0.000303697508903169000
11.516	0.000308621196572950000
11.517	0.000313544884242730000
11.518	0.000318468571912510000
11.519	0.000323392259582290000
11.52	0.000328315947252070000
11.521	0.000337840775399419000
11.522	0.000347365603546769000
11.523	0.000356890431694118000
11.524	0.000366415259841467000
11.525	0.000375940087988817000
11.526	0.000381407770636806000
11.527	0.000386875453284795000
11.528	0.000392343135932784000
11.529	0.000397810818580773000
11.53	0.000403278501228761000
11.531	0.000404239716295752000
11.532	0.000405200931362743000
11.533	0.000406162146429733000
11.534	0.000407123361496724000
11.535	0.000408084576563715000
11.536	0.000407123361496724000
11.537	0.000406162146429733000
11.538	0.000405200931362743000
11.539	0.000404239716295752000
11.54	0.000403278501228761000
11.541	0.000404239716295752000
11.542	0.000405200931362743000
11.543	0.000406162146429733000
11.544	0.000407123361496724000
11.545	0.000408084576563715000
11.546	0.000409186433465003000
11.547	0.000410288290366291000
11.548	0.000411390147267579000
11.549	0.000412492004168867000
11.55	0.000413593861070156000
11.551	0.000419582460770355000
11.552	0.000425571060470554000
11.553	0.000431559660170754000
11.554	0.000437548259870953000
11.555	0.000443536859571152000
11.556	0.000446641704315585000
11.557	0.000449746549060018000
11.558	0.000452851393804450000
11.559	0.000455956238548883000
11.56	0.000459061083293315000
11.561	0.000463458440886998000
11.562	0.000467855798480681000
11.563	0.000472253156074363000
11.564	0.000476650513668046000
11.565	0.000481047871261729000
11.566	0.000481989891432453000
11.567	0.000482931911603176000
11.568	0.000483873931773900000
11.569	0.000484815951944624000
11.57	0.000485757972115347000
11.571	0.000484673604036746000
11.572	0.000483589235958144000
11.573	0.000482504867879542000
11.574	0.000481420499800940000
11.575	0.000480336131722338000
11.576	0.000482513122057188000
11.577	0.000484690112392038000
11.578	0.000486867102726888000
11.579	0.000489044093061738000
11.58	0.000491221083396588000
11.581	0.000491221083396588000
11.582	0.000491221083396588000
11.583	0.000491221083396588000
11.584	0.000491221083396588000
11.585	0.000491221083396588000
11.586	0.000490128461140340000
11.587	0.000489035838884092000
11.588	0.000487943216627844000
11.589	0.000486850594371596000
11.59	0.000485757972115347000
11.591	0.000481469987796082000
11.592	0.000477182003476817000
11.593	0.000472894019157552000
11.594	0.000468606034838287000
11.595	0.000464318050519022000
11.596	0.000455150923136249000
11.597	0.000445983795753476000
11.598	0.000436816668370703000
11.599	0.000427649540987929000
11.6	0.000418482413605156000
11.601	0.000408308411380156000
11.602	0.000398134409155157000
11.603	0.000387960406930158000
11.604	0.000377786404705158000
11.605	0.000367612402480158000
11.606	0.000359066392015146000
11.607	0.000350520381550134000
11.608	0.000341974371085122000
11.609	0.000333428360620110000
11.61	0.000324882350155098000
11.611	0.000317717568418895000
11.612	0.000310552786682692000
11.613	0.000303388004946490000
11.614	0.000296223223210287000
11.615	0.000289058441474085000
11.616	0.000283193234383362000
11.617	0.000277328027292639000
11.618	0.000271462820201917000
11.619	0.000265597613111194000
11.62	0.000259732406020471000
11.621	0.000254551033263184000
11.622	0.000249369660505896000
11.623	0.000244188287748609000
11.624	0.000239006914991321000
11.625	0.000233825542234034000
11.626	0.000230628631152782000
11.627	0.000227431720071530000
11.628	0.000224234808990278000
11.629	0.000221037897909027000
11.63	0.000217840986827775000
11.631	0.000218444985398993000
11.632	0.000219048983970212000
11.633	0.000219652982541430000
11.634	0.000220256981112648000
11.635	0.000220860979683866000
11.636	0.000220256981112648000
11.637	0.000219652982541430000
11.638	0.000219048983970212000
11.639	0.000218444985398993000
11.64	0.000217840986827775000
11.641	0.000214821002499311000
11.642	0.000211801018170848000
11.643	0.000208781033842384000
11.644	0.000205761049513920000
11.645	0.000202741065185456000
11.646	0.000199980413400078000
11.647	0.000197219761614699000
11.648	0.000194459109829321000
11.649	0.000191698458043942000
11.65	0.000188937806258564000
11.651	0.000187447402056488000
11.652	0.000185956997854412000
11.653	0.000184466593652336000
11.654	0.000182976189450260000
11.655	0.000181485785248184000
11.656	0.000182007916002572000
11.657	0.000182530046756961000
11.658	0.000183052177511349000
11.659	0.000183574308265737000
11.66	0.000184096439020125000
11.661	0.000186347377625373000
11.662	0.000188598316230620000
11.663	0.000190849254835868000
11.664	0.000193100193441115000
11.665	0.000195351132046363000
11.666	0.000198766532278094000
11.667	0.000202181932509826000
11.668	0.000205597332741558000
11.669	0.000209012732973289000
11.67	0.000212428133205021000
11.671	0.000218109071395993000
11.672	0.000223790009586965000
11.673	0.000229470947777937000
11.674	0.000235151885968909000
11.675	0.000240832824159881000
11.676	0.000244728391734084000
11.677	0.000248623959308286000
11.678	0.000252519526882489000
11.679	0.000256415094456691000
11.68	0.000260310662030894000
11.681	0.000261004210686019000
11.682	0.000261697759341145000
11.683	0.000262391307996270000
11.684	0.000263084856651396000
11.685	0.000263778405306522000
11.686	0.000261840188689918000
11.687	0.000259901972073314000
11.688	0.000257963755456710000
11.689	0.000256025538840106000
11.69	0.000254087322223502000
11.691	0.000250915385529045000
11.692	0.000247743448834588000
11.693	0.000244571512140131000
11.694	0.000241399575445674000
11.695	0.000238227638751216000
11.696	0.000234017191561120000
11.697	0.000229806744371024000
11.698	0.000225596297180928000
11.699	0.000221385849990832000
11.7	0.000217175402800736000
11.701	0.000212602485424882000
11.702	0.000208029568049028000
11.703	0.000203456650673174000
11.704	0.000198883733297320000
11.705	0.000194310815921466000
11.706	0.000191140927034192000
11.707	0.000187971038146919000
11.708	0.000184801149259645000
11.709	0.000181631260372372000
11.71	0.000178461371485098000
11.711	0.000175503769233747000
11.712	0.000172546166982395000
11.713	0.000169588564731044000
11.714	0.000166630962479692000
11.715	0.000163673360228341000
11.716	0.000161814877688860000
11.717	0.000159956395149378000
11.718	0.000158097912609897000
11.719	0.000156239430070416000
11.72	0.000154380947530934000
11.721	0.000152941487303964000
11.722	0.000151502027076993000
11.723	0.000150062566850023000
11.724	0.000148623106623053000
11.725	0.000147183646396082000
11.726	0.000147085897177452000
11.727	0.000146988147958822000
11.728	0.000146890398740192000
11.729	0.000146792649521562000
11.73	0.000146694900302932000
11.731	0.000148026312811999000
11.732	0.000149357725321066000
11.733	0.000150689137830133000
11.734	0.000152020550339200000
11.735	0.000153351962848267000
11.736	0.000154732487917399000
11.737	0.000156113012986531000
11.738	0.000157493538055663000
11.739	0.000158874063124795000
11.74	0.000160254588193928000
11.741	0.000160254588193928000
11.742	0.000160254588193928000
11.743	0.000160254588193928000
11.744	0.000160254588193928000
11.745	0.000160254588193928000
11.746	0.000157743445874329000
11.747	0.000155232303554731000
11.748	0.000152721161235133000
11.749	0.000150210018915535000
11.75	0.000147698876595937000
11.751	0.000143972344358476000
11.752	0.000140245812121015000
11.753	0.000136519279883553000
11.754	0.000132792747646092000
11.755	0.000129066215408631000
11.756	0.000125483857306897000
11.757	0.000121901499205162000
11.758	0.000118319141103428000
11.759	0.000114736783001693000
11.76	0.000111154424899959000
11.761	0.000107838444166231000
11.762	0.000104522463432503000
11.763	0.000101206482698776000
11.764	0.000097890501965048400
11.765	0.000094574521231320900
11.766	0.000092217616397048500
11.767	0.000089860711562776100
11.768	0.000087503806728503700
11.769	0.000085146901894231400
11.77	0.000082789997059959000
11.771	0.000081811618577156500
11.772	0.000080833240094353900
11.773	0.000079854861611551300
11.774	0.000078876483128748800
11.775	0.000077898104645946200
11.776	0.000077898104645946200
11.777	0.000077898104645946200
11.778	0.000077898104645946200
11.779	0.000077898104645946200
11.78	0.000077898104645946200
11.781	0.000078229326246951100
11.782	0.000078560547847956100
11.783	0.000078891769448961000
11.784	0.000079222991049965900
11.785	0.000079554212650970800
11.786	0.000079815893870123000
11.787	0.000080077575089275200
11.788	0.000080339256308427400
11.789	0.000080600937527579600
11.79	0.000080862618746731700
11.791	0.000080787853079744300
11.792	0.000080713087412756900
11.793	0.000080638321745769500
11.794	0.000080563556078782000
11.795	0.000080488790411794600
11.796	0.000080227907555125100
11.797	0.000079967024698455700
11.798	0.000079706141841786200
11.799	0.000079445258985116700
11.8	0.000079184376128447200
11.801	0.000078355325566109700
11.802	0.000077526275003772300
11.803	0.000076697224441434800
11.804	0.000075868173879097300
11.805	0.000075039123316759800
11.806	0.000074014705324200000
11.807	0.000072990287331640300
11.808	0.000071965869339080500
11.809	0.000070941451346520800
11.81	0.000069917033353961100
11.811	0.000068850432322186300
11.812	0.000067783831290411500
11.813	0.000066717230258636700
11.814	0.000065650629226861900
11.815	0.000064584028195087100
11.816	0.000063136611895031900
11.817	0.000061689195594976700
11.818	0.000060241779294921500
11.819	0.000058794362994866300
11.82	0.000057346946694811100
11.821	0.000055745441086739700
11.822	0.000054143935478668200
11.823	0.000052542429870596800
11.824	0.000050940924262525300
11.825	0.000049339418654453900
11.826	0.000048246882453880400
11.827	0.000047154346253307000
11.828	0.000046061810052733500
11.829	0.000044969273852160100
11.83	0.000043876737651586600
11.831	0.000042710832043325300
11.832	0.000041544926435064000
11.833	0.000040379020826802700
11.834	0.000039213115218541400
11.835	0.000038047209610280000
11.836	0.000037307662162442000
11.837	0.000036568114714604000
11.838	0.000035828567266765900
11.839	0.000035089019818927900
11.84	0.000034349472371089800
11.841	0.000033720799250147600
11.842	0.000033092126129205500
11.843	0.000032463453008263300
11.844	0.000031834779887321100
11.845	0.000031206106766378900
11.846	0.000030871177668405200
11.847	0.000030536248570431400
11.848	0.000030201319472457700
11.849	0.000029866390374483900
11.85	0.000029531461276510200
11.851	0.000029620699725405700
11.852	0.000029709938174301300
11.853	0.000029799176623196900
11.854	0.000029888415072092400
11.855	0.000029977653520988000
11.856	0.000030250459603444900
11.857	0.000030523265685901800
11.858	0.000030796071768358700
11.859	0.000031068877850815600
11.86	0.000031341683933272500
11.861	0.000031924260477399500
11.862	0.000032506837021526500
11.863	0.000033089413565653500
11.864	0.000033671990109780600
11.865	0.000034254566653907600
11.866	0.000034826075229384600
11.867	0.000035397583804861600
11.868	0.000035969092380338600
11.869	0.000036540600955815600
11.87	0.000037112109531292700
11.871	0.000037801157161486300
11.872	0.000038490204791680000
11.873	0.000039179252421873700
11.874	0.000039868300052067400
11.875	0.000040557347682261000
11.876	0.000041148524015647500
11.877	0.000041739700349034000
11.878	0.000042330876682420500
11.879	0.000042922053015806900
11.88	0.000043513229349193400
11.881	0.000044069713780299300
11.882	0.000044626198211405200
11.883	0.000045182682642511200
11.884	0.000045739167073617100
11.885	0.000046295651504723000
11.886	0.000046718036908725500
11.887	0.000047140422312728000
11.888	0.000047562807716730600
11.889	0.000047985193120733100
11.89	0.000048407578524735700
11.891	0.000048850345516469300
11.892	0.000049293112508202900
11.893	0.000049735879499936400
11.894	0.000050178646491670100
11.895	0.000050621413483403600
11.896	0.000050976000931165900
11.897	0.000051330588378928200
11.898	0.000051685175826690400
11.899	0.000052039763274452700
11.9	0.000052394350722215000
11.901	0.000052575672056114200
11.902	0.000052756993390013400
11.903	0.000052938314723912700
11.904	0.000053119636057811900
11.905	0.000053300957391711100
11.906	0.000053412312865293800
11.907	0.000053523668338876500
11.908	0.000053635023812459200
11.909	0.000053746379286041900
11.91	0.000053857734759624600
11.911	0.000053857734759624600
11.912	0.000053857734759624600
11.913	0.000053857734759624600
11.914	0.000053857734759624600
11.915	0.000053857734759624600
11.916	0.000053605599805607600
11.917	0.000053353464851590500
11.918	0.000053101329897573500
11.919	0.000052849194943556400
11.92	0.000052597059989539400
11.921	0.000052307782468828700
11.922	0.000052018504948118100
11.923	0.000051729227427407400
11.924	0.000051439949906696700
11.925	0.000051150672385986100
11.926	0.000050700758259180500
11.927	0.000050250844132374900
11.928	0.000049800930005569400
11.929	0.000049351015878763800
11.93	0.000048901101751958200
11.931	0.000048542369235443400
11.932	0.000048183636718928600
11.933	0.000047824904202413700
11.934	0.000047466171685898900
11.935	0.000047107439169384000
11.936	0.000046614307704988700
11.937	0.000046121176240593300
11.938	0.000045628044776198000
11.939	0.000045134913311802600
11.94	0.000044641781847407300
11.941	0.000044258578730119000
11.942	0.000043875375612830700
11.943	0.000043492172495542400
11.944	0.000043108969378254200
11.945	0.000042725766260965900
11.946	0.000042236694086612200
11.947	0.000041747621912258400
11.948	0.000041258549737904700
11.949	0.000040769477563551000
11.95	0.000040280405389197200
11.951	0.000039890152078848100
11.952	0.000039499898768499000
11.953	0.000039109645458149900
11.954	0.000038719392147800800
11.955	0.000038329138837451700
11.956	0.000037837876871540800
11.957	0.000037346614905629900
11.958	0.000036855352939719100
11.959	0.000036364090973808200
11.96	0.000035872829007897400
11.961	0.000035459718408236800
11.962	0.000035046607808576200
11.963	0.000034633497208915600
11.964	0.000034220386609255000
11.965	0.000033807276009594400
11.966	0.000033382378418281800
11.967	0.000032957480826969100
11.968	0.000032532583235656400
11.969	0.000032107685644343800
11.97	0.000031682788053031100
11.971	0.000031320631382593800
11.972	0.000030958474712156500
11.973	0.000030596318041719200
11.974	0.000030234161371281900
11.975	0.000029872004700844600
11.976	0.000029358706281057700
11.977	0.000028845407861270700
11.978	0.000028332109441483800
11.979	0.000027818811021696900
11.98	0.000027305512601910000
11.981	0.000026991651820199200
11.982	0.000026677791038488400
11.983	0.000026363930256777500
11.984	0.000026050069475066700
11.985	0.000025736208693355900
11.986	0.000025287826614989200
11.987	0.000024839444536622500
11.988	0.000024391062458255700
11.989	0.000023942680379889000
11.99	0.000023494298301522300
11.991	0.000023142107640538800
11.992	0.000022789916979555200
11.993	0.000022437726318571700
11.994	0.000022085535657588200
11.995	0.000021733344996604700
11.996	0.000021423241274697200
11.997	0.000021113137552789700
11.998	0.000020803033830882200
11.999	0.000020492930108974700
12	0.000020182826387067200
12.001	0.000019823202522888800
12.002	0.000019463578658710500
12.003	0.000019103954794532100
12.004	0.000018744330930353700
12.005	0.000018384707066175300
12.006	0.000018067566905544200
12.007	0.000017750426744913100
12.008	0.000017433286584282000
12.009	0.000017116146423650900
12.01	0.000016799006263019800
12.011	0.000016493884802740500
12.012	0.000016188763342461200
12.013	0.000015883641882181900
12.014	0.000015578520421902600
12.015	0.000015273398961623300
12.016	0.000015004769265939500
12.017	0.000014736139570255700
12.018	0.000014467509874572000
12.019	0.000014198880178888200
12.02	0.000013930250483204400
12.021	0.000013633996913414400
12.022	0.000013337743343624300
12.023	0.000013041489773834200
12.024	0.000012745236204044200
12.025	0.000012448982634254100
12.026	0.000012225873448979200
12.027	0.000012002764263704400
12.028	0.000011779655078429500
12.029	0.000011556545893154600
12.03	0.000011333436707879800
12.031	0.000011087878403251500
12.032	0.000010842320098623200
12.033	0.000010596761793994900
12.034	0.000010351203489366700
12.035	0.000010105645184738400
12.036	0.000009893818736328480
12.037	0.000009681992287918580
12.038	0.000009470165839508690
12.039	0.000009258339391098790
12.04	0.000009046512942688890
12.041	0.000008846996789941590
12.042	0.000008647480637194290
12.043	0.000008447964484446990
12.044	0.000008248448331699690
12.045	0.000008048932178952390
12.046	0.000007857835183722760
12.047	0.000007666738188493130
12.048	0.000007475641193263510
12.049	0.000007284544198033880
12.05	0.000007093447202804250
12.051	0.000006934508167636390
12.052	0.000006775569132468530
12.053	0.000006616630097300670
12.054	0.000006457691062132810
12.055	0.000006298752026964950
12.056	0.000006196744406688270
12.057	0.000006094736786411580
12.058	0.000005992729166134900
12.059	0.000005890721545858210
12.06	0.000005788713925581530
12.061	0.000005743620684419600
12.062	0.000005698527443257680
12.063	0.000005653434202095750
12.064	0.000005608340960933820
12.065	0.000005563247719771900
12.066	0.000005506178654981460
12.067	0.000005449109590191020
12.068	0.000005392040525400580
12.069	0.000005334971460610140
12.07	0.000005277902395819700
12.071	0.000005208341948225280
12.072	0.000005138781500630860
12.073	0.000005069221053036440
12.074	0.000004999660605442020
12.075	0.000004930100157847600
12.076	0.000004845874564437290
12.077	0.000004761648971026970
12.078	0.000004677423377616650
12.079	0.000004593197784206330
12.08	0.000004508972190796010
12.081	0.000004449891927182130
12.082	0.000004390811663568240
12.083	0.000004331731399954360
12.084	0.000004272651136340470
12.085	0.000004213570872726580
12.086	0.000004158567543368900
12.087	0.000004103564214011220
12.088	0.000004048560884653540
12.089	0.000003993557555295860
12.09	0.000003938554225938180
12.091	0.000003887341766631300
12.092	0.000003836129307324420
12.093	0.000003784916848017540
12.094	0.000003733704388710650
12.095	0.000003682491929403770
12.096	0.000003621350646309950
12.097	0.000003560209363216120
12.098	0.000003499068080122300
12.099	0.000003437926797028470
12.1	0.000003376785513934650
12.101	0.000003320378908829500
12.102	0.000003263972303724340
12.103	0.000003207565698619190
12.104	0.000003151159093514040
12.105	0.000003094752488408880
12.106	0.000003042745068021810
12.107	0.000002990737647634750
12.108	0.000002938730227247680
12.109	0.000002886722806860610
12.11	0.000002834715386473550
12.111	0.000002786792693766170
12.112	0.000002738870001058790
12.113	0.000002690947308351420
12.114	0.000002643024615644040
12.115	0.000002595101922936670
12.116	0.000002541334537149940
12.117	0.000002487567151363210
12.118	0.000002433799765576490
12.119	0.000002380032379789760
12.12	0.000002326264994003040
12.121	0.000002286355339285520
12.122	0.000002246445684568000
12.123	0.000002206536029850480
12.124	0.000002166626375132960
12.125	0.000002126716720415440
12.126	0.000002073505029535740
12.127	0.000002020293338656030
12.128	0.000001967081647776330
12.129	0.000001913869956896630
12.13	0.000001860658266016920
12.131	0.000001828982195051630
12.132	0.000001797306124086330
12.133	0.000001765630053121040
12.134	0.000001733953982155740
12.135	0.000001702277911190450
12.136	0.000001653181779353710
12.137	0.000001604085647516970
12.138	0.000001554989515680230
12.139	0.000001505893383843490
12.14	0.000001456797252006760
12.141	0.000001420549414352670
12.142	0.000001384301576698580
12.143	0.000001348053739044490
12.144	0.000001311805901390400
12.145	0.000001275558063736310
12.146	0.000001248148693347590
12.147	0.000001220739322958860
12.148	0.000001193329952570130
12.149	0.000001165920582181410
12.15	0.000001138511211792680
12.151	0.000001106460163573700
12.152	0.000001074409115354720
12.153	0.000001042358067135750
12.154	0.000001010307018916770
