11.321	0.000001015000255938660
11.322	0.000001044320277789100
11.323	0.000001073640299639530
11.324	0.000001102960321489970
11.325	0.000001132280343340410
11.326	0.000001180087090080390
11.327	0.000001227893836820370
11.328	0.000001275700583560350
11.329	0.000001323507330300330
11.33	0.000001371314077040310
11.331	0.000001390998152945990
11.332	0.000001410682228851660
11.333	0.000001430366304757330
11.334	0.000001450050380663000
11.335	0.000001469734456568670
11.336	0.000001493695219690990
11.337	0.000001517655982813310
11.338	0.000001541616745935630
11.339	0.000001565577509057960
11.34	0.000001589538272180280
11.341	0.000001616085497377490
11.342	0.000001642632722574710
11.343	0.000001669179947771920
11.344	0.000001695727172969140
11.345	0.000001722274398166350
11.346	0.000001746230131204320
11.347	0.000001770185864242290
11.348	0.000001794141597280250
11.349	0.000001818097330318220
11.35	0.000001842053063356190
11.351	0.000001872388190638640
11.352	0.000001902723317921090
11.353	0.000001933058445203530
11.354	0.000001963393572485980
11.355	0.000001993728699768430
11.356	0.000002037764598262290
11.357	0.000002081800496756160
11.358	0.000002125836395250020
11.359	0.000002169872293743890
11.36	0.000002213908192237750
11.361	0.000002249641801686230
11.362	0.000002285375411134700
11.363	0.000002321109020583180
11.364	0.000002356842630031650
11.365	0.000002392576239480120
11.366	0.000002400825780865410
11.367	0.000002409075322250690
11.368	0.000002417324863635980
11.369	0.000002425574405021270
11.37	0.000002433823946406550
11.371	0.000002358604498390270
11.372	0.000002283385050373990
11.373	0.000002208165602357700
11.374	0.000002132946154341420
11.375	0.000002057726706325140
11.376	0.000001982489007984660
11.377	0.000001907251309644190
11.378	0.000001832013611303710
11.379	0.000001756775912963240
11.38	0.000001681538214622760
11.381	0.000001681538214622760
11.382	0.000001681538214622760
11.383	0.000001681538214622760
11.384	0.000001681538214622760
11.385	0.000001681538214622760
11.386	0.000001746040817176930
11.387	0.000001810543419731100
11.388	0.000001875046022285270
11.389	0.000001939548624839440
11.39	0.000002004051227393610
11.391	0.000002180678934598270
11.392	0.000002357306641802940
11.393	0.000002533934349007610
11.394	0.000002710562056212270
11.395	0.000002887189763416940
11.396	0.000003153679372332940
11.397	0.000003420168981248940
11.398	0.000003686658590164940
11.399	0.000003953148199080950
11.4	0.000004219637807996950
11.401	0.000004519203101812770
11.402	0.000004818768395628590
11.403	0.000005118333689444410
11.404	0.000005417898983260240
11.405	0.000005717464277076060
11.406	0.000006061584600950830
11.407	0.000006405704924825600
11.408	0.000006749825248700370
11.409	0.000007093945572575130
11.41	0.000007438065896449900
11.411	0.000007703304342526160
11.412	0.000007968542788602420
11.413	0.000008233781234678680
11.414	0.000008499019680754940
11.415	0.000008764258126831200
11.416	0.000008820882502034550
11.417	0.000008877506877237900
11.418	0.000008934131252441250
11.419	0.000008990755627644600
11.42	0.000009047380002847950
11.421	0.000008950421161209600
11.422	0.000008853462319571250
11.423	0.000008756503477932910
11.424	0.000008659544636294560
11.425	0.000008562585794656210
11.426	0.000008360475353498870
11.427	0.000008158364912341540
11.428	0.000007956254471184210
11.429	0.000007754144030026880
11.43	0.000007552033588869540
11.431	0.000007448403987569000
11.432	0.000007344774386268470
11.433	0.000007241144784967930
11.434	0.000007137515183667390
11.435	0.000007033885582366860
11.436	0.000006968422926093320
11.437	0.000006902960269819780
11.438	0.000006837497613546240
11.439	0.000006772034957272700
11.44	0.000006706572300999170
11.441	0.000006643883312914250
11.442	0.000006581194324829340
11.443	0.000006518505336744420
11.444	0.000006455816348659500
11.445	0.000006393127360574590
11.446	0.000006393127360574590
11.447	0.000006393127360574590
11.448	0.000006393127360574590
11.449	0.000006393127360574590
11.45	0.000006393127360574590
11.451	0.000006285984933635660
11.452	0.000006178842506696730
11.453	0.000006071700079757800
11.454	0.000005964557652818860
11.455	0.000005857415225879930
11.456	0.000005802044117329150
11.457	0.000005746673008778360
11.458	0.000005691301900227570
11.459	0.000005635930791676790
11.46	0.000005580559683126000
11.461	0.000005607940601916010
11.462	0.000005635321520706020
11.463	0.000005662702439496040
11.464	0.000005690083358286050
11.465	0.000005717464277076060
11.466	0.000005792577855123530
11.467	0.000005867691433171010
11.468	0.000005942805011218480
11.469	0.000006017918589265950
11.47	0.000006093032167313420
11.471	0.000006259925100460520
11.472	0.000006426818033607620
11.473	0.000006593710966754720
11.474	0.000006760603899901820
11.475	0.000006927496833048920
11.476	0.000007065132629815280
11.477	0.000007202768426581650
11.478	0.000007340404223348010
11.479	0.000007478040020114370
11.48	0.000007615675816880740
11.481	0.000007558455890480980
11.482	0.000007501235964081210
11.483	0.000007444016037681450
11.484	0.000007386796111281680
11.485	0.000007329576184881920
11.486	0.000007282470059621080
11.487	0.000007235363934360230
11.488	0.000007188257809099390
11.489	0.000007141151683838550
11.49	0.000007094045558577710
11.491	0.000007221691256037500
11.492	0.000007349336953497300
11.493	0.000007476982650957090
11.494	0.000007604628348416890
11.495	0.000007732274045876680
11.496	0.000007951838153373700
11.497	0.000008171402260870720
11.498	0.000008390966368367740
11.499	0.000008610530475864760
11.5	0.000008830094583361770
11.501	0.000009287089827795630
11.502	0.000009744085072229490
11.503	0.000010201080316663300
11.504	0.000010658075561097200
11.505	0.000011115070805531100
11.506	0.000011455726879842100
11.507	0.000011796382954153100
11.508	0.000012137039028464100
11.509	0.000012477695102775100
11.51	0.000012818351177086200
11.511	0.000012935501282550300
11.512	0.000013052651388014300
11.513	0.000013169801493478400
11.514	0.000013286951598942500
11.515	0.000013404101704406600
11.516	0.000013084235030812300
11.517	0.000012764368357218100
11.518	0.000012444501683623900
11.519	0.000012124635010029700
11.52	0.000011804768336435500
11.521	0.000011279915784534700
11.522	0.000010755063232633900
11.523	0.000010230210680733100
11.524	0.000009705358128832290
11.525	0.000009180505576931500
11.526	0.000008927683512462460
11.527	0.000008674861447993410
11.528	0.000008422039383524360
11.529	0.000008169217319055310
11.53	0.000007916395254586260
11.531	0.000007879571012844350
11.532	0.000007842746771102430
11.533	0.000007805922529360510
11.534	0.000007769098287618600
11.535	0.000007732274045876680
11.536	0.000007769098287618600
11.537	0.000007805922529360510
11.538	0.000007842746771102430
11.539	0.000007879571012844350
11.54	0.000007916395254586260
11.541	0.000007879571012844350
11.542	0.000007842746771102430
11.543	0.000007805922529360510
11.544	0.000007769098287618600
11.545	0.000007732274045876680
11.546	0.000007708954400077490
11.547	0.000007685634754278300
11.548	0.000007662315108479110
11.549	0.000007638995462679930
11.55	0.000007615675816880740
11.551	0.000007413537529277840
11.552	0.000007211399241674940
11.553	0.000007009260954072040
11.554	0.000006807122666469140
11.555	0.000006604984378866240
11.556	0.000006513326594542020
11.557	0.000006421668810217810
11.558	0.000006330011025893590
11.559	0.000006238353241569370
11.56	0.000006146695457245150
11.561	0.000006044063895665470
11.562	0.000005941432334085780
11.563	0.000005838800772506100
11.564	0.000005736169210926410
11.565	0.000005633537649346730
11.566	0.000005596158683184000
11.567	0.000005558779717021280
11.568	0.000005521400750858550
11.569	0.000005484021784695830
11.57	0.000005446642818533100
11.571	0.000005473426191451680
11.572	0.000005500209564370260
11.573	0.000005526992937288840
11.574	0.000005553776310207420
11.575	0.000005580559683126000
11.576	0.000005527578946166580
11.577	0.000005474598209207160
11.578	0.000005421617472247740
11.579	0.000005368636735288320
11.58	0.000005315655998328900
11.581	0.000005315655998328900
11.582	0.000005315655998328900
11.583	0.000005315655998328900
11.584	0.000005315655998328900
11.585	0.000005315655998328900
11.586	0.000005341853362369740
11.587	0.000005368050726410580
11.588	0.000005394248090451420
11.589	0.000005420445454492260
11.59	0.000005446642818533100
11.591	0.000005557408676090920
11.592	0.000005668174533648730
11.593	0.000005778940391206550
11.594	0.000005889706248764360
11.595	0.000006000472106322180
11.596	0.000006287990864347720
11.597	0.000006575509622373270
11.598	0.000006863028380398810
11.599	0.000007150547138424360
11.6	0.000007438065896449900
11.601	0.000007889644637661180
11.602	0.000008341223378872470
11.603	0.000008792802120083750
11.604	0.000009244380861295030
11.605	0.000009695959602506310
11.606	0.000010190980072257400
11.607	0.000010686000542008500
11.608	0.000011181021011759600
11.609	0.000011676041481510600
11.61	0.000012171061951261700
11.611	0.000012687698286396800
11.612	0.000013204334621531800
11.613	0.000013720970956666900
11.614	0.000014237607291801900
11.615	0.000014754243626937000
11.616	0.000015293027361051100
11.617	0.000015831811095165300
11.618	0.000016370594829279400
11.619	0.000016909378563393600
11.62	0.000017448162297507700
11.621	0.000018128937649339200
11.622	0.000018809713001170600
11.623	0.000019490488353002100
11.624	0.000020171263704833500
11.625	0.000020852039056665000
11.626	0.000021285566629625300
11.627	0.000021719094202585600
11.628	0.000022152621775546000
11.629	0.000022586149348506300
11.63	0.000023019676921466600
11.631	0.000022923991456186400
11.632	0.000022828305990906200
11.633	0.000022732620525626100
11.634	0.000022636935060345900
11.635	0.000022541249595065700
11.636	0.000022636935060345900
11.637	0.000022732620525626100
11.638	0.000022828305990906200
11.639	0.000022923991456186400
11.64	0.000023019676921466600
11.641	0.000023495302281164700
11.642	0.000023970927640862900
11.643	0.000024446553000561000
11.644	0.000024922178360259200
11.645	0.000025397803719957300
11.646	0.000025949402164861500
11.647	0.000026501000609765700
11.648	0.000027052599054670000
11.649	0.000027604197499574200
11.65	0.000028155795944478400
11.651	0.000028545275154022900
11.652	0.000028934754363567400
11.653	0.000029324233573111900
11.654	0.000029713712782656400
11.655	0.000030103191992200900
11.656	0.000029982061382228500
11.657	0.000029860930772256200
11.658	0.000029739800162283800
11.659	0.000029618669552311500
11.66	0.000029497538942339100
11.661	0.000029067716108430900
11.662	0.000028637893274522800
11.663	0.000028208070440614600
11.664	0.000027778247606706500
11.665	0.000027348424772798300
11.666	0.000026710173610316200
11.667	0.000026071922447834100
11.668	0.000025433671285351900
11.669	0.000024795420122869800
11.67	0.000024157168960387700
11.671	0.000023351038267852000
11.672	0.000022544907575316400
11.673	0.000021738776882780700
11.674	0.000020932646190245100
11.675	0.000020126515497709400
11.676	0.000019615125265804700
11.677	0.000019103735033899900
11.678	0.000018592344801995200
11.679	0.000018080954570090400
11.68	0.000017569564338185600
11.681	0.000017494319250215400
11.682	0.000017419074162245300
11.683	0.000017343829074275100
11.684	0.000017268583986304900
11.685	0.000017193338898334700
11.686	0.000017450168346729500
11.687	0.000017706997795124300
11.688	0.000017963827243519200
11.689	0.000018220656691914000
11.69	0.000018477486140308900
11.691	0.000018924373621051200
11.692	0.000019371261101793500
11.693	0.000019818148582535900
11.694	0.000020265036063278200
11.695	0.000020711923544020600
11.696	0.000021403754665103500
11.697	0.000022095585786186400
11.698	0.000022787416907269300
11.699	0.000023479248028352300
11.7	0.000024171079149435200
11.701	0.000025035377184682700
11.702	0.000025899675219930200
11.703	0.000026763973255177700
11.704	0.000027628271290425300
11.705	0.000028492569325672800
11.706	0.000029226792675418900
11.707	0.000029961016025164900
11.708	0.000030695239374911000
11.709	0.000031429462724657100
11.71	0.000032163686074403200
11.711	0.000032979046524211500
11.712	0.000033794406974019800
11.713	0.000034609767423828100
11.714	0.000035425127873636400
11.715	0.000036240488323444700
11.716	0.000036832628742876500
11.717	0.000037424769162308400
11.718	0.000038016909581740200
11.719	0.000038609050001172100
11.72	0.000039201190420604000
11.721	0.000039619223565994800
11.722	0.000040037256711385600
11.723	0.000040455289856776400
11.724	0.000040873323002167200
11.725	0.000041291356147558000
11.726	0.000041241079062611900
11.727	0.000041190801977665800
11.728	0.000041140524892719700
11.729	0.000041090247807773600
11.73	0.000041039970722827500
11.731	0.000040572905737047800
11.732	0.000040105840751268100
11.733	0.000039638775765488400
11.734	0.000039171710779708700
11.735	0.000038704645793929000
11.736	0.000038260768836836300
11.737	0.000037816891879743600
11.738	0.000037373014922651000
11.739	0.000036929137965558300
11.74	0.000036485261008465600
11.741	0.000036485261008465600
11.742	0.000036485261008465600
11.743	0.000036485261008465600
11.744	0.000036485261008465600
11.745	0.000036485261008465600
11.746	0.000037499602851428400
11.747	0.000038513944694391200
11.748	0.000039528286537353900
11.749	0.000040542628380316700
11.75	0.000041556970223279500
11.751	0.000043119847354020800
11.752	0.000044682724484762200
11.753	0.000046245601615503500
11.754	0.000047808478746244900
11.755	0.000049371355876986200
11.756	0.000051468065592411300
11.757	0.000053564775307836400
11.758	0.000055661485023261500
11.759	0.000057758194738686500
11.76	0.000059854904454111600
11.761	0.000062151872559753400
11.762	0.000064448840665395100
11.763	0.000066745808771036800
11.764	0.000069042776876678600
11.765	0.000071339744982320300
11.766	0.000073426208255918800
11.767	0.000075512671529517400
11.768	0.000077599134803115900
11.769	0.000079685598076714400
11.77	0.000081772061350312900
11.771	0.000083038838578753300
11.772	0.000084305615807193600
11.773	0.000085572393035633900
11.774	0.000086839170264074200
11.775	0.000088105947492514500
11.776	0.000088105947492514500
11.777	0.000088105947492514500
11.778	0.000088105947492514500
11.779	0.000088105947492514500
11.78	0.000088105947492514500
11.781	0.000087893505192824800
11.782	0.000087681062893135000
11.783	0.000087468620593445200
11.784	0.000087256178293755500
11.785	0.000087043735994065700
11.786	0.000086744700979544500
11.787	0.000086445665965023200
11.788	0.000086146630950502000
11.789	0.000085847595935980700
11.79	0.000085548560921459500
11.791	0.000085459507055110600
11.792	0.000085370453188761800
11.793	0.000085281399322412900
11.794	0.000085192345456064100
11.795	0.000085103291589715300
11.796	0.000085401392614485800
11.797	0.000085699493639256300
11.798	0.000085997594664026900
11.799	0.000086295695688797400
11.8	0.000086593796713567900
11.801	0.000087426051426632300
11.802	0.000088258306139696600
11.803	0.000089090560852760900
11.804	0.000089922815565825200
11.805	0.000090755070278889600
11.806	0.000091954396117905100
11.807	0.000093153721956920700
11.808	0.000094353047795936300
11.809	0.000095552373634951800
11.81	0.000096751699473967400
11.811	0.000098551583035386800
11.812	0.000100351466596806000
11.813	0.000102151350158225000
11.814	0.000103951233719645000
11.815	0.000105751117281064000
11.816	0.000108355159987821000
11.817	0.000110959202694577000
11.818	0.000113563245401333000
11.819	0.000116167288108090000
11.82	0.000118771330814846000
11.821	0.000122607136087452000
11.822	0.000126442941360058000
11.823	0.000130278746632664000
11.824	0.000134114551905270000
11.825	0.000137950357177877000
11.826	0.000141289962325608000
11.827	0.000144629567473340000
11.828	0.000147969172621072000
11.829	0.000151308777768804000
11.83	0.000154648382916536000
11.831	0.000158688318605032000
11.832	0.000162728254293529000
11.833	0.000166768189982025000
11.834	0.000170808125670522000
11.835	0.000174848061359019000
11.836	0.000178283295368447000
11.837	0.000181718529377875000
11.838	0.000185153763387303000
11.839	0.000188588997396731000
11.84	0.000192024231406159000
11.841	0.000195873410637984000
11.842	0.000199722589869809000
11.843	0.000203571769101634000
11.844	0.000207420948333459000
11.845	0.000211270127565283000
11.846	0.000213132905361071000
11.847	0.000214995683156859000
11.848	0.000216858460952647000
11.849	0.000218721238748435000
11.85	0.000220584016544223000
11.851	0.000220932455703973000
11.852	0.000221280894863723000
11.853	0.000221629334023472000
11.854	0.000221977773183222000
11.855	0.000222326212342972000
11.856	0.000221256056059231000
11.857	0.000220185899775490000
11.858	0.000219115743491749000
11.859	0.000218045587208008000
11.86	0.000216975430924267000
11.861	0.000214923136219406000
11.862	0.000212870841514545000
11.863	0.000210818546809683000
11.864	0.000208766252104822000
11.865	0.000206713957399961000
11.866	0.000204575544087559000
11.867	0.000202437130775157000
11.868	0.000200298717462756000
11.869	0.000198160304150354000
11.87	0.000196021890837952000
11.871	0.000193246043875695000
11.872	0.000190470196913437000
11.873	0.000187694349951180000
11.874	0.000184918502988922000
11.875	0.000182142656026665000
11.876	0.000180034196449678000
11.877	0.000177925736872691000
11.878	0.000175817277295704000
11.879	0.000173708817718717000
11.88	0.000171600358141730000
11.881	0.000169411914658608000
11.882	0.000167223471175486000
11.883	0.000165035027692365000
11.884	0.000162846584209243000
11.885	0.000160658140726122000
11.886	0.000159048088111169000
11.887	0.000157438035496217000
11.888	0.000155827982881265000
11.889	0.000154217930266312000
11.89	0.000152607877651360000
11.891	0.000151063013208680000
11.892	0.000149518148766001000
11.893	0.000147973284323321000
11.894	0.000146428419880642000
11.895	0.000144883555437962000
11.896	0.000143989573756491000
11.897	0.000143095592075021000
11.898	0.000142201610393550000
11.899	0.000141307628712080000
11.9	0.000140413647030610000
11.901	0.000139975011785731000
11.902	0.000139536376540853000
11.903	0.000139097741295975000
11.904	0.000138659106051097000
11.905	0.000138220470806219000
11.906	0.000137640089276967000
11.907	0.000137059707747716000
11.908	0.000136479326218464000
11.909	0.000135898944689213000
11.91	0.000135318563159961000
11.911	0.000135318563159961000
11.912	0.000135318563159961000
11.913	0.000135318563159961000
11.914	0.000135318563159961000
11.915	0.000135318563159961000
11.916	0.000135607608628991000
11.917	0.000135896654098020000
11.918	0.000136185699567050000
11.919	0.000136474745036079000
11.92	0.000136763790505109000
11.921	0.000137787085204091000
11.922	0.000138810379903073000
11.923	0.000139833674602055000
11.924	0.000140856969301037000
11.925	0.000141880264000020000
11.926	0.000143397480192462000
11.927	0.000144914696384904000
11.928	0.000146431912577346000
11.929	0.000147949128769788000
11.93	0.000149466344962230000
11.931	0.000151217931702186000
11.932	0.000152969518442143000
11.933	0.000154721105182099000
11.934	0.000156472691922055000
11.935	0.000158224278662011000
11.936	0.000160574317569554000
11.937	0.000162924356477096000
11.938	0.000165274395384639000
11.939	0.000167624434292181000
11.94	0.000169974473199724000
11.941	0.000172675378986318000
11.942	0.000175376284772913000
11.943	0.000178077190559507000
11.944	0.000180778096346102000
11.945	0.000183479002132697000
11.946	0.000186935493704542000
11.947	0.000190391985276388000
11.948	0.000193848476848234000
11.949	0.000197304968420080000
11.95	0.000200761459991926000
11.951	0.000203606005793901000
11.952	0.000206450551595876000
11.953	0.000209295097397850000
11.954	0.000212139643199825000
11.955	0.000214984189001800000
11.956	0.000218610889755009000
11.957	0.000222237590508219000
11.958	0.000225864291261428000
11.959	0.000229490992014637000
11.96	0.000233117692767847000
11.961	0.000236000527813279000
11.962	0.000238883362858710000
11.963	0.000241766197904142000
11.964	0.000244649032949574000
11.965	0.000247531867995006000
11.966	0.000251532697625370000
11.967	0.000255533527255734000
11.968	0.000259534356886097000
11.969	0.000263535186516461000
11.97	0.000267536016146824000
11.971	0.000270701999344943000
11.972	0.000273867982543062000
11.973	0.000277033965741180000
11.974	0.000280199948939299000
11.975	0.000283365932137418000
11.976	0.000287094162566924000
11.977	0.000290822392996430000
11.978	0.000294550623425937000
11.979	0.000298278853855443000
11.98	0.000302007084284950000
11.981	0.000305437599850098000
11.982	0.000308868115415246000
11.983	0.000312298630980394000
11.984	0.000315729146545542000
11.985	0.000319159662110689000
11.986	0.000323203100642004000
11.987	0.000327246539173319000
11.988	0.000331289977704633000
11.989	0.000335333416235948000
11.99	0.000339376854767262000
11.991	0.000343930493208496000
11.992	0.000348484131649730000
11.993	0.000353037770090964000
11.994	0.000357591408532198000
11.995	0.000362145046973432000
11.996	0.000365647895901260000
11.997	0.000369150744829088000
11.998	0.000372653593756915000
11.999	0.000376156442684743000
12	0.000379659291612570000
12.001	0.000384196172666126000
12.002	0.000388733053719681000
12.003	0.000393269934773237000
12.004	0.000397806815826792000
12.005	0.000402343696880347000
12.006	0.000405763383849840000
12.007	0.000409183070819332000
12.008	0.000412602757788825000
12.009	0.000416022444758317000
12.01	0.000419442131727810000
12.011	0.000424297168877184000
12.012	0.000429152206026559000
12.013	0.000434007243175933000
12.014	0.000438862280325308000
12.015	0.000443717317474683000
12.016	0.000447400028199377000
12.017	0.000451082738924071000
12.018	0.000454765449648765000
12.019	0.000458448160373459000
12.02	0.000462130871098153000
12.021	0.000466985609024811000
12.022	0.000471840346951469000
12.023	0.000476695084878127000
12.024	0.000481549822804785000
12.025	0.000486404560731443000
12.026	0.000490361975794969000
12.027	0.000494319390858495000
12.028	0.000498276805922022000
12.029	0.000502234220985548000
12.03	0.000506191636049074000
12.031	0.000511387940160023000
12.032	0.000516584244270972000
12.033	0.000521780548381921000
12.034	0.000526976852492870000
12.035	0.000532173156603819000
12.036	0.000536122144497677000
12.037	0.000540071132391535000
12.038	0.000544020120285393000
12.039	0.000547969108179251000
12.04	0.000551918096073109000
12.041	0.000557469340345256000
12.042	0.000563020584617404000
12.043	0.000568571828889552000
12.044	0.000574123073161700000
12.045	0.000579674317433848000
12.046	0.000583687099796859000
12.047	0.000587699882159871000
12.048	0.000591712664522882000
12.049	0.000595725446885894000
12.05	0.000599738229248906000
12.051	0.000605657944789884000
12.052	0.000611577660330862000
12.053	0.000617497375871840000
12.054	0.000623417091412818000
12.055	0.000629336806953796000
12.056	0.000634390425385486000
12.057	0.000639444043817177000
12.058	0.000644497662248867000
12.059	0.000649551280680557000
12.06	0.000654604899112248000
12.061	0.000660450195532134000
12.062	0.000666295491952021000
12.063	0.000672140788371908000
12.064	0.000677986084791795000
12.065	0.000683831381211681000
12.066	0.000689521122951461000
12.067	0.000695210864691240000
12.068	0.000700900606431019000
12.069	0.000706590348170798000
12.07	0.000712280089910577000
12.071	0.000717805401147458000
12.072	0.000723330712384338000
12.073	0.000728856023621219000
12.074	0.000734381334858099000
12.075	0.000739906646094980000
12.076	0.000746851554837698000
12.077	0.000753796463580415000
12.078	0.000760741372323133000
12.079	0.000767686281065850000
12.08	0.000774631189808568000
12.081	0.000780296628644043000
12.082	0.000785962067479518000
12.083	0.000791627506314993000
12.084	0.000797292945150469000
12.085	0.000802958383985944000
12.086	0.000808671504328693000
12.087	0.000814384624671443000
12.088	0.000820097745014193000
12.089	0.000825810865356942000
12.09	0.000831523985699692000
12.091	0.000837275821428708000
12.092	0.000843027657157724000
12.093	0.000848779492886739000
12.094	0.000854531328615755000
12.095	0.000860283164344771000
12.096	0.000865902768652429000
12.097	0.000871522372960088000
12.098	0.000877141977267746000
12.099	0.000882761581575405000
12.1	0.000888381185883063000
12.101	0.000894055531694541000
12.102	0.000899729877506019000
12.103	0.000905404223317498000
12.104	0.000911078569128976000
12.105	0.000916752914940454000
12.106	0.000922475816891622000
12.107	0.000928198718842790000
12.108	0.000933921620793958000
12.109	0.000939644522745126000
12.11	0.000945367424696294000
12.111	0.000951132413037869000
12.112	0.000956897401379444000
12.113	0.000962662389721019000
12.114	0.000968427378062594000
12.115	0.000974192366404169000
12.116	0.000979906527535277000
12.117	0.000985620688666384000
12.118	0.000991334849797492000
12.119	0.000997049010928599000
12.12	0.001002763172059710000
12.121	0.001008612304453030000
12.122	0.001014461436846360000
12.123	0.001020310569239690000
12.124	0.001026159701633020000
12.125	0.001032008834026350000
12.126	0.001039309837787530000
12.127	0.001046610841548720000
12.128	0.001053911845309900000
12.129	0.001061212849071090000
12.13	0.001068513852832270000
12.131	0.001072919669783360000
12.132	0.001077325486734440000
12.133	0.001081731303685520000
12.134	0.001086137120636610000
12.135	0.001090542937587690000
12.136	0.001097961462628390000
12.137	0.001105379987669080000
12.138	0.001112798512709770000
12.139	0.001120217037750470000
12.14	0.001127635562791160000
12.141	0.001133647706591830000
12.142	0.001139659850392500000
12.143	0.001145671994193170000
12.144	0.001151684137993840000
12.145	0.001157696281794510000
12.146	0.001163741516349510000
12.147	0.001169786750904500000
12.148	0.001175831985459500000
12.149	0.001181877220014500000
12.15	0.001187922454569500000
12.151	0.001194091551682010000
12.152	0.001200260648794520000
12.153	0.001206429745907040000
12.154	0.001212598843019550000
12.155	0.001218767940132060000
12.156	0.001225008988683520000
12.157	0.001231250037234990000
12.158	0.001237491085786450000
12.159	0.001243732134337910000
12.16	0.001249973182889370000
12.161	0.001256267893019610000
12.162	0.001262562603149850000
12.163	0.001268857313280090000
12.164	0.001275152023410330000
12.165	0.001281446733540570000
12.166	0.001287921684856450000
12.167	0.001294396636172340000
12.168	0.001300871587488230000
12.169	0.001307346538804110000
12.17	0.001313821490120000000
12.171	0.001318635686025820000
12.172	0.001323449881931630000
12.173	0.001328264077837450000
12.174	0.001333078273743270000
12.175	0.001337892469649080000
12.176	0.001338024672238440000
12.177	0.001338156874827800000
12.178	0.001338289077417160000
12.179	0.001338421280006520000
12.18	0.001338553482595880000
12.181	0.001340155652495870000
12.182	0.001341757822395860000
12.183	0.001343359992295850000
12.184	0.001344962162195840000
12.185	0.001346564332095830000
12.186	0.001349635845837610000
12.187	0.001352707359579390000
12.188	0.001355778873321170000
12.189	0.001358850387062960000
12.19	0.001361921900804740000
12.191	0.001361921900804740000
12.192	0.001361921900804740000
12.193	0.001361921900804740000
12.194	0.001361921900804740000
12.195	0.001361921900804740000
12.196	0.001360450518223320000
12.197	0.001358979135641900000
12.198	0.001357507753060480000
12.199	0.001356036370479070000
12.2	0.001354564987897650000
12.201	0.001346826664459310000
12.202	0.001339088341020970000
12.203	0.001331350017582630000
12.204	0.001323611694144300000
12.205	0.001315873370705960000
12.206	0.001304881477698710000
12.207	0.001293889584691460000
12.208	0.001282897691684220000
12.209	0.001271905798676970000
12.21	0.001260913905669720000
12.211	0.001253013891830620000
12.212	0.001245113877991510000
12.213	0.001237213864152410000
12.214	0.001229313850313300000
12.215	0.001221413836474200000
12.216	0.001219818159694640000
12.217	0.001218222482915080000
12.218	0.001216626806135520000
12.219	0.001215031129355950000
12.22	0.001213435452576390000
12.221	0.001216559365125540000
12.222	0.001219683277674680000
12.223	0.001222807190223820000
12.224	0.001225931102772960000
12.225	0.001229055015322110000
12.226	0.001236841663060070000
12.227	0.001244628310798030000
12.228	0.001252414958535990000
12.229	0.001260201606273940000
12.23	0.001267988254011900000
12.231	0.001280364542486750000
12.232	0.001292740830961600000
12.233	0.001305117119436440000
12.234	0.001317493407911290000
12.235	0.001329869696386130000
12.236	0.001346504656721970000
12.237	0.001363139617057820000
12.238	0.001379774577393660000
12.239	0.001396409537729500000
12.24	0.001413044498065340000
12.241	0.001430603450178160000
12.242	0.001448162402290980000
12.243	0.001465721354403790000
12.244	0.001483280306516610000
12.245	0.001500839258629420000
12.246	0.001513431943743780000
12.247	0.001526024628858140000
12.248	0.001538617313972500000
12.249	0.001551209999086860000
12.25	0.001563802684201210000
12.251	0.001569449736819470000
12.252	0.001575096789437730000
12.253	0.001580743842055990000
12.254	0.001586390894674250000
12.255	0.001592037947292510000
12.256	0.001586548054715890000
12.257	0.001581058162139260000
12.258	0.001575568269562640000
12.259	0.001570078376986020000
12.26	0.001564588484409400000
12.261	0.001550419806761240000
12.262	0.001536251129113070000
12.263	0.001522082451464910000
12.264	0.001507913773816750000
12.265	0.001493745096168590000
12.266	0.001483625575976160000
12.267	0.001473506055783740000
12.268	0.001463386535591320000
12.269	0.001453267015398900000
12.27	0.001443147495206480000
12.271	0.001434241455135480000
12.272	0.001425335415064470000
12.273	0.001416429374993470000
12.274	0.001407523334922470000
12.275	0.001398617294851460000
12.276	0.001392659637713660000
12.277	0.001386701980575860000
12.278	0.001380744323438060000
12.279	0.001374786666300260000
12.28	0.001368829009162460000
12.281	0.001365847494791620000
12.282	0.001362865980420780000
12.283	0.001359884466049930000
12.284	0.001356902951679090000
12.285	0.001353921437308250000
12.286	0.001352386540512520000
12.287	0.001350851643716800000
12.288	0.001349316746921070000
12.289	0.001347781850125350000
12.29	0.001346246953329620000
12.291	0.001344708259182870000
12.292	0.001343169565036120000
12.293	0.001341630870889370000
12.294	0.001340092176742630000
12.295	0.001338553482595880000
12.296	0.001341627073538350000
12.297	0.001344700664480830000
12.298	0.001347774255423300000
12.299	0.001350847846365780000
12.3	0.001353921437308250000
12.301	0.001361448054238220000
12.302	0.001368974671168180000
12.303	0.001376501288098150000
12.304	0.001384027905028120000
12.305	0.001391554521958080000
12.306	0.001399032162872430000
12.307	0.001406509803786790000
12.308	0.001413987444701140000
12.309	0.001421465085615490000
12.31	0.001428942726529850000
12.311	0.001433473105125980000
12.312	0.001438003483722110000
12.313	0.001442533862318240000
12.314	0.001447064240914370000
12.315	0.001451594619510500000
12.316	0.001451795650579290000
12.317	0.001451996681648090000
12.318	0.001452197712716890000
12.319	0.001452398743785690000
12.32	0.001452599774854490000
12.321	0.001446659408406290000
12.322	0.001440719041958090000
12.323	0.001434778675509900000
12.324	0.001428838309061700000
12.325	0.001422897942613500000
12.326	0.001416870965092710000
12.327	0.001410843987571910000
12.328	0.001404817010051120000
12.329	0.001398790032530320000
12.33	0.001392763055009530000
12.331	0.001389649879876230000
12.332	0.001386536704742940000
12.333	0.001383423529609640000
12.334	0.001380310354476340000
12.335	0.001377197179343050000
12.336	0.001374142123635390000
12.337	0.001371087067927720000
12.338	0.001368032012220060000
12.339	0.001364976956512400000
12.34	0.001361921900804740000
12.341	0.001360388120367720000
12.342	0.001358854339930700000
12.343	0.001357320559493680000
12.344	0.001355786779056660000
12.345	0.001354252998619650000
12.346	0.001348079959520570000
12.347	0.001341906920421500000
12.348	0.001335733881322430000
12.349	0.001329560842223360000
12.35	0.001323387803124280000
12.351	0.001312463675650950000
12.352	0.001301539548177610000
12.353	0.001290615420704280000
12.354	0.001279691293230940000
12.355	0.001268767165757610000
12.356	0.001259333559798010000
12.357	0.001249899953838410000
12.358	0.001240466347878820000
12.359	0.001231032741919220000
12.36	0.001221599135959620000
12.361	0.001224761446224260000
12.362	0.001227923756488890000
12.363	0.001231086066753520000
12.364	0.001234248377018150000
12.365	0.001237410687282780000
12.366	0.001245286317113130000
12.367	0.001253161946943490000
12.368	0.001261037576773840000
12.369	0.001268913206604190000
12.37	0.001276788836434550000
12.371	0.001289312908149280000
12.372	0.001301836979864010000
12.373	0.001314361051578740000
12.374	0.001326885123293470000
12.375	0.001339409195008200000
12.376	0.001356106944529260000
12.377	0.001372804694050320000
12.378	0.001389502443571380000
12.379	0.001406200193092440000
12.38	0.001422897942613500000
12.381	0.001441947857522550000
12.382	0.001460997772431600000
12.383	0.001480047687340650000
12.384	0.001499097602249700000
12.385	0.001518147517158750000
12.386	0.001535843807717130000
12.387	0.001553540098275510000
12.388	0.001571236388833890000
12.389	0.001588932679392270000
12.39	0.001606628969950650000
12.391	0.001617605617843520000
12.392	0.001628582265736390000
12.393	0.001639558913629250000
12.394	0.001650535561522120000
12.395	0.001661512209414990000
12.396	0.001671696901557750000
12.397	0.001681881593700510000
12.398	0.001692066285843270000
12.399	0.001702250977986040000
12.4	0.001712435670128800000
12.401	0.001721825975796900000
12.402	0.001731216281464990000
12.403	0.001740606587133090000
12.404	0.001749996892801180000
12.405	0.001759387198469280000
12.406	0.001767701024178850000
12.407	0.001776014849888430000
12.408	0.001784328675598000000
12.409	0.001792642501307580000
12.41	0.001800956327017150000
12.411	0.001808110563075890000
12.412	0.001815264799134620000
12.413	0.001822419035193360000
12.414	0.001829573271252100000
12.415	0.001836727507310830000
12.416	0.001843793221070700000
12.417	0.001850858934830570000
12.418	0.001857924648590440000
12.419	0.001864990362350310000
12.42	0.001872056076110180000
12.421	0.001877234743801650000
12.422	0.001882413411493130000
12.423	0.001887592079184610000
12.424	0.001892770746876080000
12.425	0.001897949414567560000
12.426	0.001900860696419850000
12.427	0.001903771978272140000
12.428	0.001906683260124420000
12.429	0.001909594541976710000
12.43	0.001912505823829000000
12.431	0.001913367543692410000
12.432	0.001914229263555820000
12.433	0.001915090983419230000
12.434	0.001915952703282630000
12.435	0.001916814423146040000
12.436	0.001916401939614810000
12.437	0.001915989456083580000
12.438	0.001915576972552340000
12.439	0.001915164489021110000
12.44	0.001914752005489870000
12.441	0.001914456435738910000
12.442	0.001914160865987940000
12.443	0.001913865296236970000
12.444	0.001913569726486010000
12.445	0.001913274156735040000
12.446	0.001912765441354840000
12.447	0.001912256725974630000
12.448	0.001911748010594430000
12.449	0.001911239295214220000
12.45	0.001910730579834020000
12.451	0.001910932621826110000
12.452	0.001911134663818210000
12.453	0.001911336705810300000
12.454	0.001911538747802400000
12.455	0.001911740789794490000
12.456	0.001911574108358890000
12.457	0.001911407426923300000
12.458	0.001911240745487700000
12.459	0.001911074064052100000
12.46	0.001910907382616500000
12.461	0.001910620539920330000
12.462	0.001910333697224160000
12.463	0.001910046854527990000
12.464	0.001909760011831820000
12.465	0.001909473169135650000
12.466	0.001908959704422910000
12.467	0.001908446239710180000
12.468	0.001907932774997440000
12.469	0.001907419310284700000
12.47	0.001906905845571960000
12.471	0.001906163997311940000
12.472	0.001905422149051930000
12.473	0.001904680300791910000
12.474	0.001903938452531890000
12.475	0.001903196604271880000
12.476	0.001902031557364430000
12.477	0.001900866510456990000
12.478	0.001899701463549540000
12.479	0.001898536416642100000
12.48	0.001897371369734650000
12.481	0.001895640724977080000
12.482	0.001893910080219510000
12.483	0.001892179435461940000
12.484	0.001890448790704370000
12.485	0.001888718145946790000
12.486	0.001887638904746410000
12.487	0.001886559663546030000
12.488	0.001885480422345660000
12.489	0.001884401181145280000
12.49	0.001883321939944900000
12.491	0.001882919857809130000
12.492	0.001882517775673370000
12.493	0.001882115693537600000
12.494	0.001881713611401840000
12.495	0.001881311529266070000
12.496	0.001880729142393120000
12.497	0.001880146755520160000
12.498	0.001879564368647200000
12.499	0.001878981981774250000
12.5	0.001878399594901290000
12.501	0.001878107171049720000
12.502	0.001877814747198160000
12.503	0.001877522323346590000
12.504	0.001877229899495030000
12.505	0.001876937475643460000
12.506	0.001876740056858380000
12.507	0.001876542638073290000
12.508	0.001876345219288200000
12.509	0.001876147800503110000
12.51	0.001875950381718020000
12.511	0.001878211774800220000
12.512	0.001880473167882420000
12.513	0.001882734560964620000
12.514	0.001884995954046820000
12.515	0.001887257347129020000
12.516	0.001891551032537590000
12.517	0.001895844717946170000
12.518	0.001900138403354750000
12.519	0.001904432088763330000
12.52	0.001908725774171910000
12.521	0.001910952718092870000
12.522	0.001913179662013830000
12.523	0.001915406605934790000
12.524	0.001917633549855760000
12.525	0.001919860493776720000
12.526	0.001919122262912630000
12.527	0.001918384032048550000
12.528	0.001917645801184460000
12.529	0.001916907570320370000
12.53	0.001916169339456280000
12.531	0.001914999502092310000
12.532	0.001913829664728330000
12.533	0.001912659827364360000
12.534	0.001911489990000380000
12.535	0.001910320152636410000
12.536	0.001908662405444510000
12.537	0.001907004658252610000
12.538	0.001905346911060710000
12.539	0.001903689163868810000
12.54	0.001902031416676910000
12.541	0.001896971831004200000
12.542	0.001891912245331500000
12.543	0.001886852659658790000
12.544	0.001881793073986080000
12.545	0.001876733488313380000
12.546	0.001870360507811860000
12.547	0.001863987527310340000
12.548	0.001857614546808820000
12.549	0.001851241566307300000
12.55	0.001844868585805780000
12.551	0.001836461471720910000
12.552	0.001828054357636040000
12.553	0.001819647243551170000
12.554	0.001811240129466300000
12.555	0.001802833015381430000
12.556	0.001793060483070240000
12.557	0.001783287950759050000
12.558	0.001773515418447860000
12.559	0.001763742886136670000
12.56	0.001753970353825480000
12.561	0.001742529898291760000
12.562	0.001731089442758050000
12.563	0.001719648987224330000
12.564	0.001708208531690610000
12.565	0.001696768076156890000
12.566	0.001685222902775630000
12.567	0.001673677729394380000
12.568	0.001662132556013120000
12.569	0.001650587382631870000
12.57	0.001639042209250620000
12.571	0.001628293535198550000
12.572	0.001617544861146480000
12.573	0.001606796187094420000
12.574	0.001596047513042350000
12.575	0.001585298838990280000
12.576	0.001573961809260100000
12.577	0.001562624779529910000
12.578	0.001551287749799730000
12.579	0.001539950720069540000
12.58	0.001528613690339360000
12.581	0.001521826377732900000
12.582	0.001515039065126450000
12.583	0.001508251752519990000
12.584	0.001501464439913540000
12.585	0.001494677127307080000
12.586	0.001491768522984260000
12.587	0.001488859918661430000
12.588	0.001485951314338600000
12.589	0.001483042710015770000
12.59	0.001480134105692940000
12.591	0.001478892191692190000
12.592	0.001477650277691440000
12.593	0.001476408363690690000
12.594	0.001475166449689940000
12.595	0.001473924535689190000
12.596	0.001472528914032770000
12.597	0.001471133292376340000
12.598	0.001469737670719920000
12.599	0.001468342049063500000
12.6	0.001466946427407080000
12.601	0.001465676283651090000
12.602	0.001464406139895110000
12.603	0.001463135996139130000
12.604	0.001461865852383140000
12.605	0.001460595708627160000
12.606	0.001460721149200930000
12.607	0.001460846589774690000
12.608	0.001460972030348460000
12.609	0.001461097470922230000
12.61	0.001461222911495990000
12.611	0.001459809164310820000
12.612	0.001458395417125650000
12.613	0.001456981669940480000
12.614	0.001455567922755310000
12.615	0.001454154175570130000
12.616	0.001451310332671160000
12.617	0.001448466489772190000
12.618	0.001445622646873210000
12.619	0.001442778803974240000
12.62	0.001439934961075260000
12.621	0.001436961181185260000
12.622	0.001433987401295260000
12.623	0.001431013621405260000
12.624	0.001428039841515260000
12.625	0.001425066061625260000
12.626	0.001418976094343970000
12.627	0.001412886127062690000
12.628	0.001406796159781400000
12.629	0.001400706192500120000
12.63	0.001394616225218830000
12.631	0.001387160030440450000
12.632	0.001379703835662060000
12.633	0.001372247640883680000
12.634	0.001364791446105290000
12.635	0.001357335251326910000
12.636	0.001346921427882210000
12.637	0.001336507604437510000
12.638	0.001326093780992810000
12.639	0.001315679957548110000
12.64	0.001305266134103410000
12.641	0.001296359477139000000
12.642	0.001287452820174590000
12.643	0.001278546163210180000
12.644	0.001269639506245770000
12.645	0.001260732849281360000
12.646	0.001250357816948230000
12.647	0.001239982784615110000
12.648	0.001229607752281980000
12.649	0.001219232719948860000
12.65	0.001208857687615730000
12.651	0.001199936189428350000
12.652	0.001191014691240970000
12.653	0.001182093193053590000
12.654	0.001173171694866210000
12.655	0.001164250196678820000
12.656	0.001155280963076880000
12.657	0.001146311729474940000
12.658	0.001137342495873000000
12.659	0.001128373262271060000
12.66	0.001119404028669110000
12.661	0.001110384197541540000
12.662	0.001101364366413960000
12.663	0.001092344535286380000
12.664	0.001083324704158800000
12.665	0.001074304873031220000
12.666	0.001065369476263200000
12.667	0.001056434079495170000
12.668	0.001047498682727140000
12.669	0.001038563285959110000
12.67	0.001029627889191080000
12.671	0.001017991844697420000
12.672	0.001006355800203760000
12.673	0.000994719755710095000
12.674	0.000983083711216432000
12.675	0.000971447666722769000
12.676	0.000959009095725580000
12.677	0.000946570524728390000
12.678	0.000934131953731201000
12.679	0.000921693382734011000
12.68	0.000909254811736822000
12.681	0.000895035990826786000
12.682	0.000880817169916749000
12.683	0.000866598349006713000
12.684	0.000852379528096676000
12.685	0.000838160707186640000
12.686	0.000822480096005821000
12.687	0.000806799484825002000
12.688	0.000791118873644184000
12.689	0.000775438262463365000
12.69	0.000759757651282546000
12.691	0.000743420231119093000
12.692	0.000727082810955641000
12.693	0.000710745390792188000
12.694	0.000694407970628736000
12.695	0.000678070550465283000
12.696	0.000659735590903255000
12.697	0.000641400631341227000
12.698	0.000623065671779199000
12.699	0.000604730712217171000
12.7	0.000586395752655143000
12.701	0.000568373289380325000
12.702	0.000550350826105506000
12.703	0.000532328362830687000
12.704	0.000514305899555868000
12.705	0.000496283436281049000
12.706	0.000479173123532985000
12.707	0.000462062810784920000
12.708	0.000444952498036855000
12.709	0.000427842185288790000
12.71	0.000410731872540725000
12.711	0.000394940661792205000
12.712	0.000379149451043685000
12.713	0.000363358240295165000
12.714	0.000347567029546645000
12.715	0.000331775818798125000
12.716	0.000317971020832344000
12.717	0.000304166222866562000
12.718	0.000290361424900781000
12.719	0.000276556626934999000
12.72	0.000262751828969217000
12.721	0.000251538696092630000
12.722	0.000240325563216042000
12.723	0.000229112430339455000
12.724	0.000217899297462868000
12.725	0.000206686164586280000
12.726	0.000196756994921299000
12.727	0.000186827825256317000
12.728	0.000176898655591336000
12.729	0.000166969485926354000
12.73	0.000157040316261373000
12.731	0.000149434198378017000
12.732	0.000141828080494661000
12.733	0.000134221962611306000
12.734	0.000126615844727950000
12.735	0.000119009726844594000
12.736	0.000113533421801000000
12.737	0.000108057116757406000
12.738	0.000102580811713811000
12.739	0.000097104506670217100
12.74	0.000091628201626622800
12.741	0.000087525375455986100
12.742	0.000083422549285349500
12.743	0.000079319723114712900
12.744	0.000075216896944076200
12.745	0.000071114070773439600
12.746	0.000068395564200314200
12.747	0.000065677057627188900
12.748	0.000062958551054063500
12.749	0.000060240044480938100
12.75	0.000057521537907812800
12.751	0.000055716771340324600
12.752	0.000053912004772836500
12.753	0.000052107238205348300
12.754	0.000050302471637860200
12.755	0.000048497705070372000
12.756	0.000047426569795030700
12.757	0.000046355434519689400
12.758	0.000045284299244348100
12.759	0.000044213163969006900
12.76	0.000043142028693665600
12.761	0.000042333743836583700
12.762	0.000041525458979501900
12.763	0.000040717174122420000
12.764	0.000039908889265338100
12.765	0.000039100604408256300
12.766	0.000038600257827740500
12.767	0.000038099911247224700
12.768	0.000037599564666708900
12.769	0.000037099218086193200
12.77	0.000036598871505677400
12.771	0.000036174210908822600
12.772	0.000035749550311967900
12.773	0.000035324889715113100
12.774	0.000034900229118258400
12.775	0.000034475568521403600
12.776	0.000034038558592550800
12.777	0.000033601548663697900
12.778	0.000033164538734845100
12.779	0.000032727528805992300
12.78	0.000032290518877139400
12.781	0.000031858644426201600
12.782	0.000031426769975263700
12.783	0.000030994895524325800
12.784	0.000030563021073387900
12.785	0.000030131146622450100
12.786	0.000029695090671134100
12.787	0.000029259034719818200
12.788	0.000028822978768502200
12.789	0.000028386922817186300
12.79	0.000027950866865870400
12.791	0.000027409524293878200
12.792	0.000026868181721886100
12.793	0.000026326839149893900
12.794	0.000025785496577901800
12.795	0.000025244154005909600
12.796	0.000024674331457315300
12.797	0.000024104508908720900
12.798	0.000023534686360126600
12.799	0.000022964863811532300
12.8	0.000022395041262937900
12.801	0.000021885837751955500
12.802	0.000021376634240973100
12.803	0.000020867430729990800
12.804	0.000020358227219008400
12.805	0.000019849023708026000
12.806	0.000019328343796704800
12.807	0.000018807663885383600
12.808	0.000018286983974062400
12.809	0.000017766304062741100
12.81	0.000017245624151419900
12.811	0.000016871341890114800
12.812	0.000016497059628809600
12.813	0.000016122777367504400
12.814	0.000015748495106199200
12.815	0.000015374212844894100
12.816	0.000015005773266659700
12.817	0.000014637333688425400
12.818	0.000014268894110191000
12.819	0.000013900454531956700
12.82	0.000013532014953722300
12.821	0.000013203940510263600
12.822	0.000012875866066804900
12.823	0.000012547791623346100
12.824	0.000012219717179887400
12.825	0.000011891642736428600
12.826	0.000011642284226812900
12.827	0.000011392925717197200
12.828	0.000011143567207581500
12.829	0.000010894208697965800
12.83	0.000010644850188350100
12.831	0.000010419628258668700
12.832	0.000010194406328987400
12.833	0.000009969184399306000
12.834	0.000009743962469624640
12.835	0.000009518740539943270
12.836	0.000009350714207950230
12.837	0.000009182687875957190
12.838	0.000009014661543964150
12.839	0.000008846635211971110
12.84	0.000008678608879978070
12.841	0.000008507693597638880
12.842	0.000008336778315299680
12.843	0.000008165863032960490
12.844	0.000007994947750621290
12.845	0.000007824032468282100
12.846	0.000007730211192105520
12.847	0.000007636389915928930
12.848	0.000007542568639752350
12.849	0.000007448747363575770
12.85	0.000007354926087399180
12.851	0.000007281150314863300
12.852	0.000007207374542327420
12.853	0.000007133598769791540
12.854	0.000007059822997255650
12.855	0.000006986047224719770
12.856	0.000006932008958789560
12.857	0.000006877970692859350
12.858	0.000006823932426929140
12.859	0.000006769894160998930
12.86	0.000006715855895068710
12.861	0.000006676454113587140
12.862	0.000006637052332105570
12.863	0.000006597650550624000
12.864	0.000006558248769142430
12.865	0.000006518846987660860
12.866	0.000006480951361617050
12.867	0.000006443055735573250
12.868	0.000006405160109529440
12.869	0.000006367264483485630
12.87	0.000006329368857441820
12.871	0.000006292924950936730
12.872	0.000006256481044431630
12.873	0.000006220037137926540
12.874	0.000006183593231421450
12.875	0.000006147149324916350
12.876	0.000006121298259797240
12.877	0.000006095447194678120
12.878	0.000006069596129559000
12.879	0.000006043745064439890
12.88	0.000006017893999320770
12.881	0.000005977087780365090
12.882	0.000005936281561409420
12.883	0.000005895475342453740
12.884	0.000005854669123498060
12.885	0.000005813862904542380
12.886	0.000005799087838145700
12.887	0.000005784312771749010
12.888	0.000005769537705352320
12.889	0.000005754762638955640
12.89	0.000005739987572558950
12.891	0.000005691993310625630
12.892	0.000005643999048692320
12.893	0.000005596004786759000
12.894	0.000005548010524825690
12.895	0.000005500016262892380
12.896	0.000005486485609606090
12.897	0.000005472954956319800
12.898	0.000005459424303033520
12.899	0.000005445893649747230
12.9	0.000005432362996460950
12.901	0.000005386783335782600
12.902	0.000005341203675104250
12.903	0.000005295624014425910
12.904	0.000005250044353747560
12.905	0.000005204464693069210
12.906	0.000005170229910806510
12.907	0.000005135995128543810
12.908	0.000005101760346281110
12.909	0.000005067525564018410
12.91	0.000005033290781755700
12.911	0.000004990847013933650
12.912	0.000004948403246111600
12.913	0.000004905959478289540
12.914	0.000004863515710467490
12.915	0.000004821071942645430
12.916	0.000004780283529053630
12.917	0.000004739495115461820
12.918	0.000004698706701870010
12.919	0.000004657918288278210
12.92	0.000004617129874686400
12.921	0.000004597338129200500
12.922	0.000004577546383714610
12.923	0.000004557754638228710
12.924	0.000004537962892742810
12.925	0.000004518171147256920
12.926	0.000004471311047888150
12.927	0.000004424450948519370
12.928	0.000004377590849150600
12.929	0.000004330730749781830
12.93	0.000004283870650413050
12.931	0.000004265386204724070
12.932	0.000004246901759035100
12.933	0.000004228417313346120
12.934	0.000004209932867657140
12.935	0.000004191448421968160
12.936	0.000004191448421968160
12.937	0.000004191448421968160
12.938	0.000004191448421968160
12.939	0.000004191448421968160
12.94	0.000004191448421968160
12.941	0.000004165599273633930
12.942	0.000004139750125299710
12.943	0.000004113900976965490
12.944	0.000004088051828631260
12.945	0.000004062202680297040
12.946	0.000004062202680297040
12.947	0.000004062202680297040
12.948	0.000004062202680297040
12.949	0.000004062202680297040
12.95	0.000004062202680297040
12.951	0.000004037393013054580
12.952	0.000004012583345812110
12.953	0.000003987773678569640
12.954	0.000003962964011327180
12.955	0.000003938154344084710
12.956	0.000003921025844768660
12.957	0.000003903897345452610
12.958	0.000003886768846136560
12.959	0.000003869640346820510
12.96	0.000003852511847504460
12.961	0.000003826094009114070
12.962	0.000003799676170723690
12.963	0.000003773258332333300
12.964	0.000003746840493942920
12.965	0.000003720422655552530
12.966	0.000003695203477004260
12.967	0.000003669984298455990
12.968	0.000003644765119907730
12.969	0.000003619545941359460
12.97	0.000003594326762811190
12.971	0.000003540135505057070
12.972	0.000003485944247302960
12.973	0.000003431752989548840
12.974	0.000003377561731794720
12.975	0.000003323370474040610
12.976	0.000003266596225107090
12.977	0.000003209821976173570
12.978	0.000003153047727240040
12.979	0.000003096273478306520
12.98	0.000003039499229373000
12.981	0.000002969424553786110
12.982	0.000002899349878199220
12.983	0.000002829275202612320
12.984	0.000002759200527025430
12.985	0.000002689125851438530
12.986	0.000002633192885477390
12.987	0.000002577259919516250
12.988	0.000002521326953555110
12.989	0.000002465393987593960
12.99	0.000002409461021632820
12.991	0.000002348097258071980
12.992	0.000002286733494511130
12.993	0.000002225369730950290
12.994	0.000002164005967389440
12.995	0.000002102642203828600
12.996	0.000002040275768141900
12.997	0.000001977909332455210
12.998	0.000001915542896768520
12.999	0.000001853176461081820
13	0.000001790810025395130
13.001	0.000001747285149989150
13.002	0.000001703760274583180
13.003	0.000001660235399177200
13.004	0.000001616710523771230
13.005	0.000001573185648365250
13.006	0.000001531097966967220
13.007	0.000001489010285569200
13.008	0.000001446922604171170
13.009	0.000001404834922773140
13.01	0.000001362747241375120
13.011	0.000001329271743267090
13.012	0.000001295796245159070
13.013	0.000001262320747051050
13.014	0.000001228845248943030
13.015	0.000001195369750835000
13.016	0.000001170917222834570
13.017	0.000001146464694834130
13.018	0.000001122012166833700
13.019	0.000001097559638833260
13.02	0.000001073107110832830
13.021	0.000001053450433622340
13.022	0.000001033793756411860
13.023	0.000001014137079201380
