7.179	0.000006050509654389120
7.18	0.000004033673102926080
7.181	0.000004033673102926080
7.182	0.000004033673102926080
7.183	0.000004033673102926080
7.184	0.000004033673102926080
7.185	0.000004033673102926080
7.186	0.000006050509654389120
7.187	0.000006050509654389120
7.188	0.000006050509654389120
7.189	0.000008067346205852160
7.19	0.000008067346205852160
7.191	0.000008067346205852160
7.192	0.000008067346205852160
7.193	0.000008067346205852160
7.194	0.000008067346205852160
7.195	0.000008067346205852160
7.196	0.000008067346205852160
7.197	0.000008067346205852160
7.198	0.000008067346205852160
7.199	0.000008067346205852160
7.2	0.000008067346205852160
7.201	0.000008067346205852160
7.202	0.000008067346205852160
7.203	0.000008067346205852160
7.204	0.000008067346205852160
7.205	0.000008067346205852160
7.206	0.000008067346205852160
7.207	0.000006050509654389120
7.208	0.000006050509654389120
7.209	0.000006050509654389120
7.21	0.000006050509654389120
7.211	0.000006050509654389120
7.212	0.000006050509654389120
7.213	0.000006050509654389120
7.214	0.000006050509654389120
7.215	0.000006050509654389120
7.216	0.000006050509654389120
7.217	0.000006050509654389120
7.218	0.000006050509654389120
7.219	0.000006050509654389120
7.22	0.000006050509654389120
7.221	0.000006050509654389120
7.222	0.000006050509654389120
7.223	0.000006050509654389120
7.224	0.000006050509654389120
7.225	0.000006050509654389120
7.226	0.000006050509654389120
7.227	0.000008067346205852160
7.228	0.000008067346205852160
7.229	0.000008067346205852160
7.23	0.000008067346205852160
7.231	0.000008067346205852160
7.232	0.000008067346205852160
7.233	0.000008067346205852160
7.234	0.000008067346205852160
7.235	0.000008067346205852160
7.236	0.000008067346205852160
7.237	0.000008067346205852160
7.238	0.000008067346205852160
7.239	0.000008067346205852160
7.24	0.000008067346205852160
7.241	0.000008067346205852160
7.242	0.000008067346205852160
7.243	0.000010084182757315200
7.244	0.000010084182757315200
7.245	0.000010084182757315200
7.246	0.000010084182757315200
7.247	0.000010084182757315200
7.248	0.000010084182757315200
7.249	0.000010084182757315200
7.25	0.000010084182757315200
7.251	0.000010084182757315200
7.252	0.000010084182757315200
7.253	0.000012101019308778200
7.254	0.000012101019308778200
7.255	0.000012101019308778200
7.256	0.000012101019308778200
7.257	0.000012101019308778200
7.258	0.000012101019308778200
7.259	0.000012101019308778200
7.26	0.000014117855860241300
7.261	0.000014117855860241300
7.262	0.000014117855860241300
7.263	0.000014117855860241300
7.264	0.000014117855860241300
7.265	0.000016134692411704300
7.266	0.000016134692411704300
7.267	0.000016134692411704300
7.268	0.000014117855860241300
7.269	0.000014117855860241300
7.27	0.000014117855860241300
7.271	0.000014117855860241300
7.272	0.000014117855860241300
7.273	0.000014117855860241300
7.274	0.000014117855860241300
7.275	0.000014117855860241300
7.276	0.000014117855860241300
7.277	0.000014117855860241300
7.278	0.000014117855860241300
7.279	0.000014117855860241300
7.28	0.000018151528963167400
7.281	0.000018151528963167400
7.282	0.000018151528963167400
7.283	0.000018151528963167400
7.284	0.000018151528963167400
7.285	0.000018151528963167400
7.286	0.000018151528963167400
7.287	0.000016134692411704300
7.288	0.000016134692411704300
7.289	0.000016134692411704300
7.29	0.000014117855860241300
7.291	0.000014117855860241300
7.292	0.000014117855860241300
7.293	0.000014117855860241300
7.294	0.000014117855860241300
7.295	0.000014117855860241300
7.296	0.000014117855860241300
7.297	0.000014117855860241300
7.298	0.000014117855860241300
7.299	0.000014117855860241300
7.3	0.000016134692411704300
7.301	0.000016134692411704300
7.302	0.000018151528963167400
7.303	0.000018151528963167400
7.304	0.000018151528963167400
7.305	0.000018151528963167400
7.306	0.000020168365514630400
7.307	0.000020168365514630400
7.308	0.000020168365514630400
7.309	0.000022185202066093500
7.31	0.000024202038617556500
7.311	0.000024202038617556500
7.312	0.000024202038617556500
7.313	0.000024202038617556500
7.314	0.000024202038617556500
7.315	0.000024202038617556500
7.316	0.000026218875169019500
7.317	0.000026218875169019500
7.318	0.000028235711720482600
7.319	0.000028235711720482600
7.32	0.000030252548271945600
7.321	0.000030252548271945600
7.322	0.000030252548271945600
7.323	0.000030252548271945600
7.324	0.000030252548271945600
7.325	0.000030252548271945600
7.326	0.000032269384823408700
7.327	0.000032269384823408700
7.328	0.000030252548271945600
7.329	0.000030252548271945600
7.33	0.000030252548271945600
7.331	0.000032269384823408700
7.332	0.000032269384823408700
7.333	0.000034286221374871700
7.334	0.000034286221374871700
7.335	0.000036303057926334700
7.336	0.000038319894477797800
7.337	0.000040336731029260800
7.338	0.000042353567580723900
7.339	0.000042353567580723900
7.34	0.000042353567580723900
7.341	0.000042353567580723900
7.342	0.000042353567580723900
7.343	0.000042353567580723900
7.344	0.000042353567580723900
7.345	0.000042353567580723900
7.346	0.000042353567580723900
7.347	0.000044370404132186900
7.348	0.000044370404132186900
7.349	0.000044370404132186900
7.35	0.000044370404132186900
7.351	0.000046387240683649900
7.352	0.000048404077235113000
7.353	0.000048404077235113000
7.354	0.000046387240683649900
7.355	0.000046387240683649900
7.356	0.000048404077235113000
7.357	0.000048404077235113000
7.358	0.000048404077235113000
7.359	0.000050420913786576000
7.36	0.000050420913786576000
7.361	0.000048404077235113000
7.362	0.000048404077235113000
7.363	0.000048404077235113000
7.364	0.000048404077235113000
7.365	0.000050420913786576000
7.366	0.000048404077235113000
7.367	0.000048404077235113000
7.368	0.000048404077235113000
7.369	0.000048404077235113000
7.37	0.000050420913786576000
7.371	0.000050420913786576000
7.372	0.000050420913786576000
7.373	0.000050420913786576000
7.374	0.000050420913786576000
7.375	0.000052437750338039100
7.376	0.000052437750338039100
7.377	0.000052437750338039100
7.378	0.000054454586889502100
7.379	0.000058488259992428200
7.38	0.000062521933095354300
7.381	0.000060505096543891200
7.382	0.000060505096543891200
7.383	0.000060505096543891200
7.384	0.000060505096543891200
7.385	0.000062521933095354300
7.386	0.000062521933095354300
7.387	0.000064538769646817300
7.388	0.000064538769646817300
7.389	0.000064538769646817300
7.39	0.000064538769646817300
7.391	0.000066555606198280400
7.392	0.000066555606198280400
7.393	0.000066555606198280400
7.394	0.000066555606198280400
7.395	0.000070589279301206400
7.396	0.000070589279301206400
7.397	0.000070589279301206400
7.398	0.000072606115852669500
7.399	0.000074622952404132500
7.4	0.000074622952404132500
7.401	0.000072606115852669500
7.402	0.000076639788955595600
7.403	0.000074622952404132500
7.404	0.000074622952404132500
7.405	0.000076639788955595600
7.406	0.000076639788955595600
7.407	0.000076639788955595600
7.408	0.000076639788955595600
7.409	0.000076639788955595600
7.41	0.000074622952404132500
7.411	0.000074622952404132500
7.412	0.000076639788955595600
7.413	0.000080673462058521600
7.414	0.000082690298609984700
7.415	0.000082690298609984700
7.416	0.000082690298609984700
7.417	0.000080673462058521600
7.418	0.000080673462058521600
7.419	0.000078656625507058600
7.42	0.000080673462058521600
7.421	0.000078656625507058600
7.422	0.000084707135161447700
7.423	0.000084707135161447700
7.424	0.000086723971712910800
7.425	0.000088740808264373800
7.426	0.000088740808264373800
7.427	0.000086723971712910800
7.428	0.000088740808264373800
7.429	0.000088740808264373800
7.43	0.000092774481367299900
7.431	0.000096808154470226000
7.432	0.000096808154470226000
7.433	0.000098824991021689000
7.434	0.000098824991021689000
7.435	0.000098824991021689000
7.436	0.000096808154470226000
7.437	0.000096808154470226000
7.438	0.000094791317918762900
7.439	0.000092774481367299900
7.44	0.000092774481367299900
7.441	0.000094791317918762900
7.442	0.000096808154470226000
7.443	0.000098824991021689000
7.444	0.000098824991021689000
7.445	0.000096808154470226000
7.446	0.000098824991021689000
7.447	0.000100841827573152000
7.448	0.000098824991021689000
7.449	0.000098824991021689000
7.45	0.000098824991021689000
7.451	0.000102858664124615000
7.452	0.000104875500676078000
7.453	0.000104875500676078000
7.454	0.000106892337227541000
7.455	0.000108909173779004000
7.456	0.000110926010330467000
7.457	0.000110926010330467000
7.458	0.000112942846881930000
7.459	0.000118993356536319000
7.46	0.000116976519984856000
7.461	0.000118993356536319000
7.462	0.000121010193087782000
7.463	0.000127060702742172000
7.464	0.000129077539293635000
7.465	0.000131094375845098000
7.466	0.000131094375845098000
7.467	0.000131094375845098000
7.468	0.000133111212396561000
7.469	0.000133111212396561000
7.47	0.000135128048948024000
7.471	0.000135128048948024000
7.472	0.000137144885499487000
7.473	0.000139161722050950000
7.474	0.000141178558602413000
7.475	0.000141178558602413000
7.476	0.000141178558602413000
7.477	0.000143195395153876000
7.478	0.000145212231705339000
7.479	0.000147229068256802000
7.48	0.000143195395153876000
7.481	0.000145212231705339000
7.482	0.000147229068256802000
7.483	0.000151262741359728000
7.484	0.000153279577911191000
7.485	0.000159330087565580000
7.486	0.000157313251014117000
7.487	0.000163363760668506000
7.488	0.000165380597219969000
7.489	0.000165380597219969000
7.49	0.000167397433771432000
7.491	0.000167397433771432000
7.492	0.000167397433771432000
7.493	0.000167397433771432000
7.494	0.000169414270322895000
7.495	0.000171431106874359000
7.496	0.000169414270322895000
7.497	0.000171431106874359000
7.498	0.000173447943425822000
7.499	0.000171431106874359000
7.5	0.000173447943425822000
7.501	0.000175464779977285000
7.502	0.000177481616528748000
7.503	0.000179498453080211000
7.504	0.000181515289631674000
7.505	0.000183532126183137000
7.506	0.000189582635837526000
7.507	0.000191599472388989000
7.508	0.000189582635837526000
7.509	0.000191599472388989000
7.51	0.000193616308940452000
7.511	0.000195633145491915000
7.512	0.000193616308940452000
7.513	0.000191599472388989000
7.514	0.000187565799286063000
7.515	0.000189582635837526000
7.516	0.000193616308940452000
7.517	0.000197649982043378000
7.518	0.000205717328249230000
7.519	0.000211767837903619000
7.52	0.000213784674455082000
7.521	0.000211767837903619000
7.522	0.000217818347558008000
7.523	0.000211767837903619000
7.524	0.000211767837903619000
7.525	0.000213784674455082000
7.526	0.000215801511006545000
7.527	0.000219835184109471000
7.528	0.000219835184109471000
7.529	0.000217818347558008000
7.53	0.000223868857212398000
7.531	0.000221852020660935000
7.532	0.000217818347558008000
7.533	0.000217818347558008000
7.534	0.000223868857212398000
7.535	0.000223868857212398000
7.536	0.000223868857212398000
7.537	0.000231936203418250000
7.538	0.000233953039969713000
7.539	0.000233953039969713000
7.54	0.000237986713072639000
7.541	0.000250087732381417000
7.542	0.000250087732381417000
7.543	0.000254121405484343000
7.544	0.000252104568932880000
7.545	0.000252104568932880000
7.546	0.000254121405484343000
7.547	0.000256138242035806000
7.548	0.000256138242035806000
7.549	0.000258155078587269000
7.55	0.000262188751690195000
7.551	0.000270256097896048000
7.552	0.000268239261344584000
7.553	0.000266222424793121000
7.554	0.000266222424793121000
7.555	0.000268239261344584000
7.556	0.000270256097896048000
7.557	0.000270256097896048000
7.558	0.000268239261344584000
7.559	0.000272272934447511000
7.56	0.000276306607550437000
7.561	0.000280340280653363000
7.562	0.000280340280653363000
7.563	0.000282357117204826000
7.564	0.000280340280653363000
7.565	0.000280340280653363000
7.566	0.000286390790307752000
7.567	0.000284373953756289000
7.568	0.000288407626859215000
7.569	0.000288407626859215000
7.57	0.000290424463410678000
7.571	0.000292441299962141000
7.572	0.000290424463410678000
7.573	0.000290424463410678000
7.574	0.000292441299962141000
7.575	0.000292441299962141000
7.576	0.000294458136513604000
7.577	0.000300508646167993000
7.578	0.000302525482719456000
7.579	0.000300508646167993000
7.58	0.000298491809616530000
7.581	0.000304542319270919000
7.582	0.000302525482719456000
7.583	0.000300508646167993000
7.584	0.000304542319270919000
7.585	0.000308575992373845000
7.586	0.000304542319270919000
7.587	0.000308575992373845000
7.588	0.000302525482719456000
7.589	0.000302525482719456000
7.59	0.000306559155822382000
7.591	0.000306559155822382000
7.592	0.000308575992373845000
7.593	0.000314626502028234000
7.594	0.000316643338579697000
7.595	0.000318660175131161000
7.596	0.000320677011682624000
7.597	0.000324710684785550000
7.598	0.000322693848234087000
7.599	0.000322693848234087000
7.6	0.000328744357888476000
7.601	0.000328744357888476000
7.602	0.000328744357888476000
7.603	0.000330761194439939000
7.604	0.000324710684785550000
7.605	0.000328744357888476000
7.606	0.000330761194439939000
7.607	0.000324710684785550000
7.608	0.000336811704094328000
7.609	0.000342862213748717000
7.61	0.000346895886851643000
7.611	0.000352946396506032000
7.612	0.000358996906160421000
7.613	0.000365047415814810000
7.614	0.000369081088917737000
7.615	0.000373114762020663000
7.616	0.000373114762020663000
7.617	0.000375131598572126000
7.618	0.000379165271675052000
7.619	0.000375131598572126000
7.62	0.000373114762020663000
7.621	0.000375131598572126000
7.622	0.000377148435123589000
7.623	0.000373114762020663000
7.624	0.000377148435123589000
7.625	0.000377148435123589000
7.626	0.000383198944777978000
7.627	0.000387232617880904000
7.628	0.000393283127535293000
7.629	0.000401350473741145000
7.63	0.000407400983395534000
7.631	0.000411434656498460000
7.632	0.000415468329601386000
7.633	0.000415468329601386000
7.634	0.000419502002704313000
7.635	0.000417485166152850000
7.636	0.000419502002704313000
7.637	0.000429586185461628000
7.638	0.000435636695116017000
7.639	0.000437653531667480000
7.64	0.000443704041321869000
7.641	0.000441687204770406000
7.642	0.000433619858564554000
7.643	0.000437653531667480000
7.644	0.000433619858564554000
7.645	0.000437653531667480000
7.646	0.000439670368218943000
7.647	0.000439670368218943000
7.648	0.000443704041321869000
7.649	0.000451771387527721000
7.65	0.000461855570285036000
7.651	0.000459838733733573000
7.652	0.000451771387527721000
7.653	0.000453788224079184000
7.654	0.000463872406836499000
7.655	0.000465889243387962000
7.656	0.000467906079939425000
7.657	0.000475973426145278000
7.658	0.000480007099248204000
7.659	0.000494124955108445000
7.66	0.000494124955108445000
7.661	0.000496141791659908000
7.662	0.000502192301314297000
7.663	0.000504209137865760000
7.664	0.000502192301314297000
7.665	0.000502192301314297000
7.666	0.000504209137865760000
7.667	0.000502192301314297000
7.668	0.000506225974417223000
7.669	0.000506225974417223000
7.67	0.000512276484071612000
7.671	0.000512276484071612000
7.672	0.000510259647520149000
7.673	0.000514293320623075000
7.674	0.000516310157174539000
7.675	0.000516310157174539000
7.676	0.000516310157174539000
7.677	0.000522360666828928000
7.678	0.000520343830277465000
7.679	0.000518326993726002000
7.68	0.000522360666828928000
7.681	0.000528411176483317000
7.682	0.000532444849586243000
7.683	0.000530428013034780000
7.684	0.000540512195792095000
7.685	0.000536478522689169000
7.686	0.000538495359240632000
7.687	0.000544545868895021000
7.688	0.000546562705446484000
7.689	0.000550596378549410000
7.69	0.000556646888203799000
7.691	0.000556646888203799000
7.692	0.000554630051652336000
7.693	0.000560680561306725000
7.694	0.000564714234409652000
7.695	0.000568747907512578000
7.696	0.000572781580615504000
7.697	0.000580848926821356000
7.698	0.000576815253718430000
7.699	0.000586899436475745000
7.7	0.000590933109578671000
7.701	0.000588916273027208000
7.702	0.000586899436475745000
7.703	0.000592949946130134000
7.704	0.000596983619233060000
7.705	0.000607067801990375000
7.706	0.000605050965438912000
7.707	0.000611101475093301000
7.708	0.000615135148196228000
7.709	0.000609084638541838000
7.71	0.000609084638541838000
7.711	0.000609084638541838000
7.712	0.000601017292335986000
7.713	0.000596983619233060000
7.714	0.000599000455784523000
7.715	0.000601017292335986000
7.716	0.000609084638541838000
7.717	0.000617151984747691000
7.718	0.000613118311644765000
7.719	0.000615135148196228000
7.72	0.000617151984747691000
7.721	0.000619168821299154000
7.722	0.000627236167505006000
7.723	0.000631269840607932000
7.724	0.000635303513710858000
7.725	0.000639337186813784000
7.726	0.000645387696468173000
7.727	0.000645387696468173000
7.728	0.000649421369571099000
7.729	0.000649421369571099000
7.73	0.000655471879225488000
7.731	0.000655471879225488000
7.732	0.000649421369571099000
7.733	0.000661522388879878000
7.734	0.000677657081291582000
7.735	0.000671606571637193000
7.736	0.000669589735085730000
7.737	0.000671606571637193000
7.738	0.000663539225431340000
7.739	0.000657488715776952000
7.74	0.000655471879225488000
7.741	0.000651438206122562000
7.742	0.000663539225431340000
7.743	0.000667572898534267000
7.744	0.000665556061982804000
7.745	0.000671606571637193000
7.746	0.000673623408188656000
7.747	0.000677657081291582000
7.748	0.000687741264048897000
7.749	0.000691774937151823000
7.75	0.000693791773703286000
7.751	0.000685724427497434000
7.752	0.000689758100600360000
7.753	0.000695808610254749000
7.754	0.000693791773703286000
7.755	0.000681690754394508000
7.756	0.000695808610254749000
7.757	0.000693791773703286000
7.758	0.000687741264048897000
7.759	0.000693791773703286000
7.76	0.000687741264048897000
7.761	0.000691774937151823000
7.762	0.000681690754394508000
7.763	0.000683707590945971000
7.764	0.000689758100600360000
7.765	0.000695808610254749000
7.766	0.000703875956460601000
7.767	0.000701859119909138000
7.768	0.000697825446806212000
7.769	0.000705892793012064000
7.77	0.000701859119909138000
7.771	0.000699842283357675000
7.772	0.000703875956460601000
7.773	0.000707909629563527000
7.774	0.000711943302666454000
7.775	0.000715976975769380000
7.776	0.000720010648872306000
7.777	0.000726061158526695000
7.778	0.000732111668181084000
7.779	0.000736145341284010000
7.78	0.000740179014386936000
7.781	0.000748246360592788000
7.782	0.000744212687489862000
7.783	0.000744212687489862000
7.784	0.000754296870247177000
7.785	0.000752280033695714000
7.786	0.000758330543350104000
7.787	0.000762364216453030000
7.788	0.000768414726107419000
7.789	0.000764381053004493000
7.79	0.000770431562658882000
7.791	0.000770431562658882000
7.792	0.000782532581967660000
7.793	0.000792616764724975000
7.794	0.000792616764724975000
7.795	0.000792616764724975000
7.796	0.000806734620585216000
7.797	0.000802700947482290000
7.798	0.000800684110930827000
7.799	0.000812785130239606000
7.8	0.000806734620585216000
7.801	0.000816818803342532000
7.802	0.000818835639893995000
7.803	0.000830936659202773000
7.804	0.000836987168857162000
7.805	0.000839004005408625000
7.806	0.000836987168857162000
7.807	0.000843037678511551000
7.808	0.000836987168857162000
7.809	0.000845054515063014000
7.81	0.000845054515063014000
7.811	0.000853121861268866000
7.812	0.000853121861268866000
7.813	0.000855138697820329000
7.814	0.000859172370923256000
7.815	0.000857155534371793000
7.816	0.000863206044026182000
7.817	0.000863206044026182000
7.818	0.000859172370923256000
7.819	0.000875307063334960000
7.82	0.000877323899886423000
7.821	0.000877323899886423000
7.822	0.000887408082643738000
7.823	0.000891441755746664000
7.824	0.000905559611606906000
7.825	0.000907576448158369000
7.826	0.000923711140570073000
7.827	0.000935812159878851000
7.828	0.000935812159878851000
7.829	0.000933795323327388000
7.83	0.000935812159878851000
7.831	0.000931778486775925000
7.832	0.000931778486775925000
7.833	0.000929761650224462000
7.834	0.000923711140570073000
7.835	0.000917660630915684000
7.836	0.000925727977121536000
7.837	0.000935812159878851000
7.838	0.000939845832981777000
7.839	0.000953963688842018000
7.84	0.000955980525393481000
7.841	0.000962031035047871000
7.842	0.000968081544702260000
7.843	0.000966064708150797000
7.844	0.000968081544702260000
7.845	0.000978165727459575000
7.846	0.000980182564011038000
7.847	0.000986233073665427000
7.848	0.000988249910216890000
7.849	0.000992283583319816000
7.85	0.000992283583319816000
7.851	0.000998334092974205000
7.852	0.000998334092974205000
7.853	0.001004384602628590000
7.854	0.001006401439180060000
7.855	0.001012451948834450000
7.856	0.001022536131591760000
7.857	0.001018502458488840000
7.858	0.001024552968143220000
7.859	0.001028586641246150000
7.86	0.001032620314349080000
7.861	0.001032620314349080000
7.862	0.001040687660554930000
7.863	0.001040687660554930000
7.864	0.001044721333657860000
7.865	0.001046738170209320000
7.866	0.001050771843312240000
7.867	0.001048755006760780000
7.868	0.001058839189518100000
7.869	0.001060856026069560000
7.87	0.001060856026069560000
7.871	0.001076990718481260000
7.872	0.001085058064687120000
7.873	0.001097159083995890000
7.874	0.001099175920547360000
7.875	0.001099175920547360000
7.876	0.001101192757098820000
7.877	0.001099175920547360000
7.878	0.001101192757098820000
7.879	0.001101192757098820000
7.88	0.001095142247444430000
7.881	0.001099175920547360000
7.882	0.001097159083995890000
7.883	0.001113293776407600000
7.884	0.001117327449510520000
7.885	0.001125394795716380000
7.886	0.001129428468819300000
7.887	0.001127411632267840000
7.888	0.001129428468819300000
7.889	0.001115310612959060000
7.89	0.001137495815025160000
7.891	0.001147579997782470000
7.892	0.001151613670885400000
7.893	0.001141529488128080000
7.894	0.001139512651576620000
7.895	0.001141529488128080000
7.896	0.001133462141922230000
7.897	0.001121361122613450000
7.898	0.001123377959164910000
7.899	0.001125394795716380000
7.9	0.001123377959164910000
7.901	0.001129428468819300000
7.902	0.001129428468819300000
7.903	0.001133462141922230000
7.904	0.001123377959164910000
7.905	0.001119344286061990000
7.906	0.001121361122613450000
7.907	0.001135478978473690000
7.908	0.001131445305370770000
7.909	0.001145563161231010000
7.91	0.001137495815025160000
7.911	0.001141529488128080000
7.912	0.001143546324679540000
7.913	0.001149596834333930000
7.914	0.001155647343988320000
7.915	0.001159681017091250000
7.916	0.001165731526745640000
7.917	0.001165731526745640000
7.918	0.001163714690194170000
7.919	0.001169765199848560000
7.92	0.001163714690194170000
7.921	0.001161697853642710000
7.922	0.001169765199848560000
7.923	0.001175815709502950000
7.924	0.001171782036400030000
7.925	0.001159681017091250000
7.926	0.001159681017091250000
7.927	0.001141529488128080000
7.928	0.001133462141922230000
7.929	0.001127411632267840000
7.93	0.001133462141922230000
7.931	0.001135478978473690000
7.932	0.001135478978473690000
7.933	0.001155647343988320000
7.934	0.001161697853642710000
7.935	0.001161697853642710000
7.936	0.001171782036400030000
7.937	0.001177832546054420000
7.938	0.001179849382605880000
7.939	0.001175815709502950000
7.94	0.001165731526745640000
7.941	0.001163714690194170000
7.942	0.001161697853642710000
7.943	0.001173798872951490000
7.944	0.001173798872951490000
7.945	0.001173798872951490000
7.946	0.001177832546054420000
7.947	0.001195984075017580000
7.948	0.001193967238466120000
7.949	0.001191950401914660000
7.95	0.001189933565363190000
7.951	0.001193967238466120000
7.952	0.001187916728811730000
7.953	0.001198000911569050000
7.954	0.001200017748120510000
7.955	0.001204051421223440000
7.956	0.001216152440532210000
7.957	0.001212118767429290000
7.958	0.001214135603980750000
7.959	0.001212118767429290000
7.96	0.001224219786738070000
7.961	0.001216152440532210000
7.962	0.001218169277083680000
7.963	0.001222202950186600000
7.964	0.001252455498458550000
7.965	0.001240354479149770000
7.966	0.001246404988804160000
7.967	0.001260522844664400000
7.968	0.001266573354318790000
7.969	0.001262539681215860000
7.97	0.001266573354318790000
7.971	0.001276657537076110000
7.972	0.001272623863973180000
7.973	0.001280691210179030000
7.974	0.001278674373627570000
7.975	0.001284724883281960000
7.976	0.001292792229487810000
7.977	0.001306910085348050000
7.978	0.001310943758450980000
7.979	0.001310943758450980000
7.98	0.001300859575693660000
7.981	0.001310943758450980000
7.982	0.001314977431553900000
7.983	0.001325061614311220000
7.984	0.001314977431553900000
7.985	0.001321027941208290000
7.986	0.001321027941208290000
7.987	0.001323044777759760000
7.988	0.001331112123965610000
7.989	0.001337162633620000000
7.99	0.001349263652928770000
7.991	0.001337162633620000000
7.992	0.001339179470171460000
7.993	0.001341196306722920000
7.994	0.001349263652928770000
7.995	0.001345229979825850000
7.996	0.001343213143274390000
7.997	0.001351280489480240000
7.998	0.001353297326031700000
7.999	0.001361364672237550000
8	0.001363381508789020000
8.001	0.001363381508789020000
8.002	0.001371448854994870000
8.003	0.001369432018443400000
8.004	0.001375482528097790000
8.005	0.001395650893612420000
8.006	0.001397667730163890000
8.007	0.001411785586024130000
8.008	0.001415819259127050000
8.009	0.001425903441884370000
8.01	0.001421869768781440000
8.011	0.001435987624641690000
8.012	0.001442038134296070000
8.013	0.001429937114987300000
8.014	0.001429937114987300000
8.015	0.001438004461193150000
8.016	0.001442038134296070000
8.017	0.001442038134296070000
8.018	0.001438004461193150000
8.019	0.001442038134296070000
8.02	0.001450105480501930000
8.021	0.001442038134296070000
8.022	0.001448088643950460000
8.023	0.001448088643950460000
8.024	0.001435987624641690000
8.025	0.001435987624641690000
8.026	0.001450105480501930000
8.027	0.001456155990156320000
8.028	0.001462206499810700000
8.029	0.001462206499810700000
8.03	0.001476324355670950000
8.031	0.001470273846016560000
8.032	0.001460189663259240000
8.033	0.001466240172913630000
8.034	0.001460189663259240000
8.035	0.001460189663259240000
8.036	0.001458172826707780000
8.037	0.001448088643950460000
8.038	0.001448088643950460000
8.039	0.001444054970847540000
8.04	0.001454139153604850000
8.041	0.001466240172913630000
8.042	0.001470273846016560000
8.043	0.001472290682568020000
8.044	0.001468257009465090000
8.045	0.001474307519119480000
8.046	0.001486408538428260000
8.047	0.001486408538428260000
8.048	0.001468257009465090000
8.049	0.001472290682568020000
8.05	0.001480358028773870000
8.051	0.001476324355670950000
8.052	0.001470273846016560000
8.053	0.001474307519119480000
8.054	0.001476324355670950000
8.055	0.001474307519119480000
8.056	0.001482374865325340000
8.057	0.001472290682568020000
8.058	0.001472290682568020000
8.059	0.001478341192222410000
8.06	0.001480358028773870000
8.061	0.001468257009465090000
8.062	0.001474307519119480000
8.063	0.001476324355670950000
8.064	0.001468257009465090000
8.065	0.001446071807399000000
8.066	0.001466240172913630000
8.067	0.001460189663259240000
8.068	0.001450105480501930000
8.069	0.001448088643950460000
8.07	0.001456155990156320000
8.071	0.001464223336362170000
8.072	0.001454139153604850000
8.073	0.001450105480501930000
8.074	0.001440021297744610000
8.075	0.001433970788090220000
8.076	0.001429937114987300000
8.077	0.001427920278435830000
8.078	0.001417836095678520000
8.079	0.001419852932229980000
8.08	0.001421869768781440000
8.081	0.001442038134296070000
8.082	0.001442038134296070000
8.083	0.001444054970847540000
8.084	0.001433970788090220000
8.085	0.001431953951538760000
8.086	0.001425903441884370000
8.087	0.001419852932229980000
8.088	0.001419852932229980000
8.089	0.001419852932229980000
8.09	0.001411785586024130000
8.091	0.001411785586024130000
8.092	0.001423886605332910000
8.093	0.001417836095678520000
8.094	0.001411785586024130000
8.095	0.001413802422575590000
8.096	0.001419852932229980000
8.097	0.001433970788090220000
8.098	0.001438004461193150000
8.099	0.001435987624641690000
8.1	0.001429937114987300000
8.101	0.001433970788090220000
8.102	0.001442038134296070000
8.103	0.001446071807399000000
8.104	0.001440021297744610000
8.105	0.001444054970847540000
8.106	0.001427920278435830000
8.107	0.001419852932229980000
8.108	0.001411785586024130000
8.109	0.001397667730163890000
8.11	0.001395650893612420000
8.111	0.001399684566715350000
8.112	0.001399684566715350000
8.113	0.001393634057060960000
8.114	0.001419852932229980000
8.115	0.001419852932229980000
8.116	0.001413802422575590000
8.117	0.001407751912921200000
8.118	0.001407751912921200000
8.119	0.001417836095678520000
8.12	0.001411785586024130000
8.121	0.001395650893612420000
8.122	0.001397667730163890000
8.123	0.001397667730163890000
8.124	0.001399684566715350000
8.125	0.001401701403266810000
8.126	0.001403718239818280000
8.127	0.001393634057060960000
8.128	0.001391617220509500000
8.129	0.001391617220509500000
8.13	0.001395650893612420000
8.131	0.001391617220509500000
8.132	0.001407751912921200000
8.133	0.001411785586024130000
8.134	0.001405735076369740000
8.135	0.001389600383958040000
8.136	0.001393634057060960000
8.137	0.001403718239818280000
8.138	0.001413802422575590000
8.139	0.001407751912921200000
8.14	0.001409768749472670000
8.141	0.001411785586024130000
8.142	0.001407751912921200000
8.143	0.001403718239818280000
8.144	0.001403718239818280000
8.145	0.001399684566715350000
8.146	0.001395650893612420000
8.147	0.001383549874303650000
8.148	0.001375482528097790000
8.149	0.001375482528097790000
8.15	0.001371448854994870000
8.151	0.001363381508789020000
8.152	0.001367415181891940000
8.153	0.001371448854994870000
8.154	0.001365398345340480000
8.155	0.001357330999134630000
8.156	0.001357330999134630000
8.157	0.001349263652928770000
8.158	0.001361364672237550000
8.159	0.001365398345340480000
8.16	0.001353297326031700000
8.161	0.001361364672237550000
8.162	0.001369432018443400000
8.163	0.001371448854994870000
8.164	0.001367415181891940000
8.165	0.001373465691546330000
8.166	0.001375482528097790000
8.167	0.001371448854994870000
8.168	0.001369432018443400000
8.169	0.001357330999134630000
8.17	0.001357330999134630000
8.171	0.001353297326031700000
8.172	0.001351280489480240000
8.173	0.001355314162583160000
8.174	0.001355314162583160000
8.175	0.001351280489480240000
8.176	0.001349263652928770000
8.177	0.001347246816377310000
8.178	0.001345229979825850000
8.179	0.001351280489480240000
8.18	0.001343213143274390000
8.181	0.001343213143274390000
8.182	0.001331112123965610000
8.183	0.001331112123965610000
8.184	0.001331112123965610000
8.185	0.001325061614311220000
8.186	0.001316994268105370000
8.187	0.001321027941208290000
8.188	0.001325061614311220000
8.189	0.001319011104656830000
8.19	0.001321027941208290000
8.191	0.001327078450862680000
8.192	0.001321027941208290000
8.193	0.001302876412245120000
8.194	0.001294809066039270000
8.195	0.001288758556384880000
8.196	0.001282708046730490000
8.197	0.001284724883281960000
8.198	0.001268590190870250000
8.199	0.001256489171561470000
8.2	0.001254472335010010000
8.201	0.001258506008112940000
8.202	0.001256489171561470000
8.203	0.001256489171561470000
8.204	0.001246404988804160000
8.205	0.001248421825355620000
8.206	0.001236320806046840000
8.207	0.001238337642598310000
8.208	0.001240354479149770000
8.209	0.001234303969495380000
8.21	0.001236320806046840000
8.211	0.001228253459840990000
8.212	0.001226236623289530000
8.213	0.001224219786738070000
8.214	0.001226236623289530000
8.215	0.001210101930877820000
8.216	0.001210101930877820000
8.217	0.001208085094326360000
8.218	0.001198000911569050000
8.219	0.001198000911569050000
8.22	0.001193967238466120000
8.221	0.001191950401914660000
8.222	0.001198000911569050000
8.223	0.001206068257774900000
8.224	0.001204051421223440000
8.225	0.001193967238466120000
8.226	0.001195984075017580000
8.227	0.001193967238466120000
8.228	0.001187916728811730000
8.229	0.001187916728811730000
8.23	0.001183883055708810000
8.231	0.001179849382605880000
8.232	0.001181866219157340000
8.233	0.001159681017091250000
8.234	0.001157664180539790000
8.235	0.001155647343988320000
8.236	0.001165731526745640000
8.237	0.001167748363297100000
8.238	0.001163714690194170000
8.239	0.001153630507436860000
8.24	0.001163714690194170000
8.241	0.001161697853642710000
8.242	0.001159681017091250000
8.243	0.001159681017091250000
8.244	0.001167748363297100000
8.245	0.001163714690194170000
8.246	0.001159681017091250000
8.247	0.001157664180539790000
8.248	0.001157664180539790000
8.249	0.001161697853642710000
8.25	0.001153630507436860000
8.251	0.001151613670885400000
8.252	0.001153630507436860000
8.253	0.001143546324679540000
8.254	0.001141529488128080000
8.255	0.001147579997782470000
8.256	0.001149596834333930000
8.257	0.001149596834333930000
8.258	0.001147579997782470000
8.259	0.001133462141922230000
8.26	0.001141529488128080000
8.261	0.001139512651576620000
8.262	0.001123377959164910000
8.263	0.001117327449510520000
8.264	0.001105226430201750000
8.265	0.001117327449510520000
8.266	0.001105226430201750000
8.267	0.001107243266753210000
8.268	0.001095142247444430000
8.269	0.001103209593650280000
8.27	0.001109260103304670000
8.271	0.001101192757098820000
8.272	0.001099175920547360000
8.273	0.001099175920547360000
8.274	0.001093125410892970000
8.275	0.001099175920547360000
8.276	0.001097159083995890000
8.277	0.001091108574341510000
8.278	0.001093125410892970000
8.279	0.001093125410892970000
8.28	0.001083041228135650000
8.281	0.001087074901238580000
8.282	0.001076990718481260000
8.283	0.001070940208826870000
8.284	0.001068923372275410000
8.285	0.001062872862621020000
8.286	0.001079007555032730000
8.287	0.001087074901238580000
8.288	0.001087074901238580000
8.289	0.001081024391584190000
8.29	0.001076990718481260000
8.291	0.001064889699172490000
8.292	0.001056822352966630000
8.293	0.001056822352966630000
8.294	0.001058839189518100000
8.295	0.001052788679863710000
8.296	0.001052788679863710000
8.297	0.001048755006760780000
8.298	0.001050771843312240000
8.299	0.001052788679863710000
8.3	0.001064889699172490000
8.301	0.001064889699172490000
8.302	0.001058839189518100000
8.303	0.001052788679863710000
8.304	0.001040687660554930000
8.305	0.001044721333657860000
8.306	0.001046738170209320000
8.307	0.001048755006760780000
8.308	0.001044721333657860000
8.309	0.001048755006760780000
8.31	0.001042704497106390000
8.311	0.001040687660554930000
8.312	0.001044721333657860000
8.313	0.001034637150900540000
8.314	0.001024552968143220000
8.315	0.001020519295040300000
8.316	0.001012451948834450000
8.317	0.001008418275731520000
8.318	0.001022536131591760000
8.319	0.001032620314349080000
8.32	0.001028586641246150000
8.321	0.001020519295040300000
8.322	0.001022536131591760000
8.323	0.001022536131591760000
8.324	0.001018502458488840000
8.325	0.001012451948834450000
8.326	0.001008418275731520000
8.327	0.001006401439180060000
8.328	0.001000350929525670000
8.329	0.000998334092974205000
8.33	0.000996317256422742000
8.331	0.000990266746768353000
8.332	0.000992283583319816000
8.333	0.000986233073665427000
8.334	0.000986233073665427000
8.335	0.000994300419871279000
8.336	0.000988249910216890000
8.337	0.000988249910216890000
8.338	0.000978165727459575000
8.339	0.000972115217805186000
8.34	0.000976148890908112000
8.341	0.000964047871599334000
8.342	0.000974132054356649000
8.343	0.000966064708150797000
8.344	0.000962031035047871000
8.345	0.000947913179187629000
8.346	0.000955980525393481000
8.347	0.000947913179187629000
8.348	0.000949930015739092000
8.349	0.000945896342636166000
8.35	0.000941862669533240000
8.351	0.000947913179187629000
8.352	0.000943879506084703000
8.353	0.000945896342636166000
8.354	0.000943879506084703000
8.355	0.000935812159878851000
8.356	0.000925727977121536000
8.357	0.000919677467467147000
8.358	0.000915643794364221000
8.359	0.000911610121261295000
8.36	0.000907576448158369000
8.361	0.000895475428849590000
8.362	0.000889424919195201000
8.363	0.000893458592298127000
8.364	0.000883374409540812000
8.365	0.000887408082643738000
8.366	0.000879340736437886000
8.367	0.000875307063334960000
8.368	0.000869256553680571000
8.369	0.000865222880577645000
8.37	0.000851105024717403000
8.371	0.000849088188165940000
8.372	0.000847071351614477000
8.373	0.000847071351614477000
8.374	0.000832953495754236000
8.375	0.000836987168857162000
8.376	0.000834970332305699000
8.377	0.000830936659202773000
8.378	0.000830936659202773000
8.379	0.000830936659202773000
8.38	0.000826902986099847000
8.381	0.000820852476445458000
8.382	0.000824886149548384000
8.383	0.000824886149548384000
8.384	0.000828919822651310000
8.385	0.000826902986099847000
8.386	0.000824886149548384000
8.387	0.000810768293688143000
8.388	0.000808751457136680000
8.389	0.000792616764724975000
8.39	0.000784549418519123000
8.391	0.000790599928173512000
8.392	0.000796650437827901000
8.393	0.000796650437827901000
8.394	0.000798667274379364000
8.395	0.000792616764724975000
8.396	0.000796650437827901000
8.397	0.000804717784033753000
8.398	0.000806734620585216000
8.399	0.000796650437827901000
8.4	0.000790599928173512000
8.401	0.000776482072313271000
8.402	0.000776482072313271000
8.403	0.000776482072313271000
8.404	0.000770431562658882000
8.405	0.000764381053004493000
8.406	0.000762364216453030000
8.407	0.000752280033695714000
8.408	0.000746229524041325000
8.409	0.000748246360592788000
8.41	0.000744212687489862000
8.411	0.000752280033695714000
8.412	0.000744212687489862000
8.413	0.000744212687489862000
8.414	0.000742195850938399000
8.415	0.000742195850938399000
8.416	0.000742195850938399000
8.417	0.000744212687489862000
8.418	0.000736145341284010000
8.419	0.000713960139217917000
8.42	0.000715976975769380000
8.421	0.000722027485423769000
8.422	0.000717993812320843000
8.423	0.000717993812320843000
8.424	0.000711943302666454000
8.425	0.000711943302666454000
8.426	0.000707909629563527000
8.427	0.000715976975769380000
8.428	0.000707909629563527000
8.429	0.000705892793012064000
8.43	0.000707909629563527000
8.431	0.000703875956460601000
8.432	0.000711943302666454000
8.433	0.000701859119909138000
8.434	0.000695808610254749000
8.435	0.000695808610254749000
8.436	0.000683707590945971000
8.437	0.000683707590945971000
8.438	0.000669589735085730000
8.439	0.000667572898534267000
8.44	0.000657488715776952000
8.441	0.000647404533019636000
8.442	0.000645387696468173000
8.443	0.000629253004056469000
8.444	0.000627236167505006000
8.445	0.000627236167505006000
8.446	0.000631269840607932000
8.447	0.000629253004056469000
8.448	0.000629253004056469000
8.449	0.000619168821299154000
8.45	0.000619168821299154000
8.451	0.000611101475093301000
8.452	0.000609084638541838000
8.453	0.000609084638541838000
8.454	0.000603034128887449000
8.455	0.000603034128887449000
8.456	0.000603034128887449000
8.457	0.000596983619233060000
8.458	0.000599000455784523000
8.459	0.000592949946130134000
8.46	0.000588916273027208000
8.461	0.000588916273027208000
8.462	0.000590933109578671000
8.463	0.000590933109578671000
8.464	0.000594966782681597000
8.465	0.000599000455784523000
8.466	0.000594966782681597000
8.467	0.000586899436475745000
8.468	0.000586899436475745000
8.469	0.000582865763372819000
8.47	0.000582865763372819000
8.471	0.000580848926821356000
8.472	0.000572781580615504000
8.473	0.000568747907512578000
8.474	0.000562697397858188000
8.475	0.000566731070961114000
8.476	0.000566731070961114000
8.477	0.000556646888203799000
8.478	0.000560680561306725000
8.479	0.000562697397858188000
8.48	0.000556646888203799000
8.481	0.000548579541997947000
8.482	0.000554630051652336000
8.483	0.000548579541997947000
8.484	0.000546562705446484000
8.485	0.000542529032343558000
8.486	0.000534461686137706000
8.487	0.000528411176483317000
8.488	0.000530428013034780000
8.489	0.000528411176483317000
8.49	0.000530428013034780000
8.491	0.000526394339931854000
8.492	0.000514293320623075000
8.493	0.000506225974417223000
8.494	0.000498158628211371000
8.495	0.000496141791659908000
8.496	0.000498158628211371000
8.497	0.000500175464762834000
8.498	0.000494124955108445000
8.499	0.000490091282005519000
8.5	0.000488074445454056000
8.501	0.000488074445454056000
8.502	0.000490091282005519000
8.503	0.000486057608902593000
8.504	0.000484040772351130000
8.505	0.000486057608902593000
8.506	0.000488074445454056000
8.507	0.000475973426145278000
8.508	0.000477990262696741000
8.509	0.000475973426145278000
8.51	0.000471939753042352000
8.511	0.000469922916490889000
8.512	0.000457821897182110000
8.513	0.000455805060630647000
8.514	0.000447737714424795000
8.515	0.000445720877873332000
8.516	0.000441687204770406000
8.517	0.000437653531667480000
8.518	0.000435636695116017000
8.519	0.000441687204770406000
8.52	0.000443704041321869000
8.521	0.000433619858564554000
8.522	0.000419502002704313000
8.523	0.000417485166152850000
8.524	0.000413451493049923000
8.525	0.000411434656498460000
8.526	0.000407400983395534000
8.527	0.000405384146844071000
8.528	0.000399333637189682000
8.529	0.000401350473741145000
8.53	0.000399333637189682000
8.531	0.000399333637189682000
8.532	0.000395299964086756000
8.533	0.000393283127535293000
8.534	0.000391266290983830000
8.535	0.000391266290983830000
8.536	0.000393283127535293000
8.537	0.000391266290983830000
8.538	0.000391266290983830000
8.539	0.000393283127535293000
8.54	0.000393283127535293000
8.541	0.000397316800638219000
8.542	0.000399333637189682000
8.543	0.000401350473741145000
8.544	0.000397316800638219000
8.545	0.000395299964086756000
8.546	0.000389249454432367000
8.547	0.000389249454432367000
8.548	0.000381182108226515000
8.549	0.000383198944777978000
8.55	0.000379165271675052000
8.551	0.000375131598572126000
8.552	0.000377148435123589000
8.553	0.000373114762020663000
8.554	0.000369081088917737000
8.555	0.000367064252366274000
8.556	0.000369081088917737000
8.557	0.000371097925469200000
8.558	0.000377148435123589000
8.559	0.000371097925469200000
8.56	0.000369081088917737000
8.561	0.000367064252366274000
8.562	0.000365047415814810000
8.563	0.000361013742711884000
8.564	0.000358996906160421000
8.565	0.000350929559954569000
8.566	0.000346895886851643000
8.567	0.000342862213748717000
8.568	0.000340845377197254000
8.569	0.000338828540645791000
8.57	0.000336811704094328000
8.571	0.000334794867542865000
8.572	0.000336811704094328000
8.573	0.000338828540645791000
8.574	0.000338828540645791000
8.575	0.000336811704094328000
8.576	0.000332778030991402000
8.577	0.000318660175131161000
8.578	0.000316643338579697000
8.579	0.000310592828925308000
8.58	0.000306559155822382000
8.581	0.000304542319270919000
8.582	0.000306559155822382000
8.583	0.000298491809616530000
8.584	0.000292441299962141000
8.585	0.000292441299962141000
8.586	0.000286390790307752000
8.587	0.000286390790307752000
8.588	0.000284373953756289000
8.589	0.000282357117204826000
8.59	0.000282357117204826000
8.591	0.000280340280653363000
8.592	0.000280340280653363000
8.593	0.000280340280653363000
8.594	0.000282357117204826000
8.595	0.000286390790307752000
8.596	0.000280340280653363000
8.597	0.000280340280653363000
8.598	0.000276306607550437000
8.599	0.000270256097896048000
8.6	0.000268239261344584000
8.601	0.000266222424793121000
8.602	0.000264205588241658000
8.603	0.000262188751690195000
8.604	0.000264205588241658000
8.605	0.000260171915138732000
8.606	0.000254121405484343000
8.607	0.000252104568932880000
8.608	0.000250087732381417000
8.609	0.000248070895829954000
8.61	0.000248070895829954000
8.611	0.000246054059278491000
8.612	0.000244037222727028000
8.613	0.000246054059278491000
8.614	0.000244037222727028000
8.615	0.000242020386175565000
8.616	0.000240003549624102000
8.617	0.000235969876521176000
8.618	0.000231936203418250000
8.619	0.000229919366866787000
8.62	0.000225885693763861000
8.621	0.000225885693763861000
8.622	0.000225885693763861000
8.623	0.000225885693763861000
8.624	0.000225885693763861000
8.625	0.000221852020660935000
8.626	0.000219835184109471000
8.627	0.000215801511006545000
8.628	0.000213784674455082000
8.629	0.000209751001352156000
8.63	0.000205717328249230000
8.631	0.000205717328249230000
8.632	0.000205717328249230000
8.633	0.000203700491697767000
8.634	0.000197649982043378000
8.635	0.000197649982043378000
8.636	0.000193616308940452000
8.637	0.000187565799286063000
8.638	0.000187565799286063000
8.639	0.000185548962734600000
8.64	0.000183532126183137000
8.641	0.000183532126183137000
8.642	0.000179498453080211000
8.643	0.000173447943425822000
8.644	0.000167397433771432000
8.645	0.000167397433771432000
8.646	0.000163363760668506000
8.647	0.000159330087565580000
8.648	0.000157313251014117000
8.649	0.000155296414462654000
8.65	0.000153279577911191000
8.651	0.000155296414462654000
8.652	0.000153279577911191000
8.653	0.000151262741359728000
8.654	0.000151262741359728000
8.655	0.000153279577911191000
8.656	0.000153279577911191000
8.657	0.000149245904808265000
8.658	0.000145212231705339000
8.659	0.000139161722050950000
8.66	0.000143195395153876000
8.661	0.000145212231705339000
8.662	0.000145212231705339000
8.663	0.000147229068256802000
8.664	0.000145212231705339000
8.665	0.000147229068256802000
8.666	0.000145212231705339000
8.667	0.000143195395153876000
8.668	0.000143195395153876000
8.669	0.000141178558602413000
8.67	0.000139161722050950000
8.671	0.000139161722050950000
8.672	0.000137144885499487000
8.673	0.000137144885499487000
8.674	0.000135128048948024000
8.675	0.000137144885499487000
8.676	0.000135128048948024000
8.677	0.000139161722050950000
8.678	0.000139161722050950000
8.679	0.000143195395153876000
8.68	0.000143195395153876000
8.681	0.000143195395153876000
8.682	0.000141178558602413000
8.683	0.000141178558602413000
8.684	0.000139161722050950000
8.685	0.000141178558602413000
8.686	0.000143195395153876000
8.687	0.000143195395153876000
8.688	0.000143195395153876000
8.689	0.000143195395153876000
8.69	0.000137144885499487000
8.691	0.000133111212396561000
8.692	0.000131094375845098000
8.693	0.000131094375845098000
8.694	0.000131094375845098000
8.695	0.000127060702742172000
8.696	0.000129077539293635000
8.697	0.000129077539293635000
8.698	0.000125043866190709000
8.699	0.000123027029639246000
8.7	0.000125043866190709000
8.701	0.000123027029639246000
8.702	0.000123027029639246000
8.703	0.000123027029639246000
8.704	0.000123027029639246000
8.705	0.000118993356536319000
8.706	0.000118993356536319000
8.707	0.000121010193087782000
8.708	0.000118993356536319000
8.709	0.000118993356536319000
8.71	0.000121010193087782000
8.711	0.000123027029639246000
8.712	0.000121010193087782000
8.713	0.000121010193087782000
8.714	0.000116976519984856000
8.715	0.000118993356536319000
8.716	0.000118993356536319000
8.717	0.000121010193087782000
8.718	0.000123027029639246000
8.719	0.000121010193087782000
8.72	0.000118993356536319000
8.721	0.000116976519984856000
8.722	0.000114959683433393000
8.723	0.000112942846881930000
8.724	0.000112942846881930000
8.725	0.000114959683433393000
8.726	0.000114959683433393000
8.727	0.000112942846881930000
8.728	0.000112942846881930000
8.729	0.000112942846881930000
8.73	0.000112942846881930000
8.731	0.000110926010330467000
8.732	0.000108909173779004000
8.733	0.000102858664124615000
8.734	0.000102858664124615000
8.735	0.000100841827573152000
8.736	0.000100841827573152000
8.737	0.000102858664124615000
8.738	0.000102858664124615000
8.739	0.000102858664124615000
8.74	0.000102858664124615000
8.741	0.000104875500676078000
8.742	0.000102858664124615000
8.743	0.000104875500676078000
8.744	0.000104875500676078000
8.745	0.000104875500676078000
8.746	0.000102858664124615000
8.747	0.000104875500676078000
8.748	0.000106892337227541000
8.749	0.000102858664124615000
8.75	0.000102858664124615000
8.751	0.000102858664124615000
8.752	0.000100841827573152000
8.753	0.000100841827573152000
8.754	0.000098824991021689000
8.755	0.000098824991021689000
8.756	0.000096808154470226000
8.757	0.000096808154470226000
8.758	0.000098824991021689000
8.759	0.000098824991021689000
8.76	0.000102858664124615000
8.761	0.000098824991021689000
8.762	0.000096808154470226000
8.763	0.000098824991021689000
8.764	0.000094791317918762900
8.765	0.000092774481367299900
8.766	0.000090757644815836900
8.767	0.000090757644815836900
8.768	0.000092774481367299900
8.769	0.000092774481367299900
8.77	0.000092774481367299900
8.771	0.000092774481367299900
8.772	0.000090757644815836900
8.773	0.000090757644815836900
8.774	0.000086723971712910800
8.775	0.000086723971712910800
8.776	0.000084707135161447700
8.777	0.000084707135161447700
8.778	0.000080673462058521600
8.779	0.000080673462058521600
8.78	0.000076639788955595600
8.781	0.000078656625507058600
8.782	0.000078656625507058600
8.783	0.000078656625507058600
8.784	0.000076639788955595600
8.785	0.000076639788955595600
8.786	0.000074622952404132500
8.787	0.000072606115852669500
8.788	0.000072606115852669500
8.789	0.000070589279301206400
8.79	0.000070589279301206400
8.791	0.000070589279301206400
8.792	0.000070589279301206400
8.793	0.000072606115852669500
8.794	0.000072606115852669500
8.795	0.000072606115852669500
8.796	0.000070589279301206400
8.797	0.000062521933095354300
8.798	0.000064538769646817300
8.799	0.000064538769646817300
8.8	0.000062521933095354300
8.801	0.000060505096543891200
8.802	0.000060505096543891200
8.803	0.000060505096543891200
8.804	0.000060505096543891200
8.805	0.000058488259992428200
8.806	0.000058488259992428200
8.807	0.000058488259992428200
8.808	0.000056471423440965200
8.809	0.000058488259992428200
8.81	0.000058488259992428200
8.811	0.000054454586889502100
8.812	0.000050420913786576000
8.813	0.000050420913786576000
8.814	0.000048404077235113000
8.815	0.000050420913786576000
8.816	0.000048404077235113000
8.817	0.000048404077235113000
8.818	0.000046387240683649900
8.819	0.000044370404132186900
8.82	0.000044370404132186900
8.821	0.000042353567580723900
8.822	0.000042353567580723900
8.823	0.000042353567580723900
8.824	0.000042353567580723900
8.825	0.000044370404132186900
8.826	0.000042353567580723900
8.827	0.000042353567580723900
8.828	0.000042353567580723900
8.829	0.000040336731029260800
8.83	0.000040336731029260800
8.831	0.000040336731029260800
8.832	0.000040336731029260800
8.833	0.000040336731029260800
8.834	0.000042353567580723900
8.835	0.000042353567580723900
8.836	0.000042353567580723900
8.837	0.000042353567580723900
8.838	0.000042353567580723900
8.839	0.000042353567580723900
8.84	0.000042353567580723900
8.841	0.000044370404132186900
8.842	0.000042353567580723900
8.843	0.000042353567580723900
8.844	0.000040336731029260800
8.845	0.000040336731029260800
8.846	0.000040336731029260800
8.847	0.000040336731029260800
8.848	0.000038319894477797800
8.849	0.000036303057926334700
8.85	0.000036303057926334700
8.851	0.000034286221374871700
8.852	0.000034286221374871700
8.853	0.000034286221374871700
8.854	0.000036303057926334700
8.855	0.000036303057926334700
8.856	0.000034286221374871700
8.857	0.000034286221374871700
8.858	0.000032269384823408700
8.859	0.000030252548271945600
8.86	0.000028235711720482600
8.861	0.000024202038617556500
8.862	0.000024202038617556500
8.863	0.000024202038617556500
8.864	0.000022185202066093500
8.865	0.000022185202066093500
8.866	0.000022185202066093500
8.867	0.000022185202066093500
8.868	0.000022185202066093500
8.869	0.000020168365514630400
8.87	0.000020168365514630400
8.871	0.000020168365514630400
8.872	0.000020168365514630400
8.873	0.000020168365514630400
8.874	0.000020168365514630400
8.875	0.000020168365514630400
8.876	0.000020168365514630400
8.877	0.000022185202066093500
8.878	0.000022185202066093500
8.879	0.000022185202066093500
8.88	0.000022185202066093500
8.881	0.000022185202066093500
8.882	0.000020168365514630400
8.883	0.000020168365514630400
8.884	0.000020168365514630400
8.885	0.000020168365514630400
8.886	0.000020168365514630400
8.887	0.000020168365514630400
8.888	0.000020168365514630400
8.889	0.000020168365514630400
8.89	0.000020168365514630400
8.891	0.000020168365514630400
8.892	0.000020168365514630400
8.893	0.000020168365514630400
8.894	0.000018151528963167400
8.895	0.000018151528963167400
8.896	0.000018151528963167400
8.897	0.000018151528963167400
8.898	0.000018151528963167400
8.899	0.000016134692411704300
8.9	0.000016134692411704300
8.901	0.000016134692411704300
8.902	0.000016134692411704300
8.903	0.000018151528963167400
8.904	0.000018151528963167400
8.905	0.000018151528963167400
8.906	0.000018151528963167400
8.907	0.000018151528963167400
8.908	0.000018151528963167400
8.909	0.000018151528963167400
8.91	0.000016134692411704300
8.911	0.000016134692411704300
8.912	0.000016134692411704300
8.913	0.000016134692411704300
8.914	0.000016134692411704300
8.915	0.000016134692411704300
8.916	0.000014117855860241300
8.917	0.000014117855860241300
8.918	0.000014117855860241300
8.919	0.000014117855860241300
8.92	0.000014117855860241300
8.921	0.000014117855860241300
8.922	0.000014117855860241300
8.923	0.000014117855860241300
8.924	0.000014117855860241300
8.925	0.000014117855860241300
8.926	0.000012101019308778200
8.927	0.000012101019308778200
8.928	0.000012101019308778200
8.929	0.000012101019308778200
8.93	0.000012101019308778200
8.931	0.000012101019308778200
8.932	0.000012101019308778200
8.933	0.000012101019308778200
8.934	0.000012101019308778200
8.935	0.000010084182757315200
8.936	0.000010084182757315200
8.937	0.000010084182757315200
8.938	0.000010084182757315200
8.939	0.000008067346205852160
8.94	0.000008067346205852160
8.941	0.000008067346205852160
8.942	0.000006050509654389120
8.943	0.000006050509654389120
8.944	0.000006050509654389120
8.945	0.000006050509654389120
8.946	0.000006050509654389120
8.947	0.000006050509654389120
8.948	0.000006050509654389120
8.949	0.000006050509654389120
8.95	0.000006050509654389120
8.951	0.000006050509654389120
8.952	0.000006050509654389120
8.953	0.000006050509654389120
8.954	0.000006050509654389120
8.955	0.000004033673102926080
8.956	0.000004033673102926080
8.957	0.000004033673102926080
8.958	0.000004033673102926080
8.959	0.000004033673102926080
8.96	0.000004033673102926080
8.961	0.000004033673102926080
8.962	0.000004033673102926080
8.963	0.000004033673102926080
8.964	0.000004033673102926080
8.965	0.000004033673102926080
8.966	0.000004033673102926080
8.967	0.000004033673102926080
8.968	0.000004033673102926080
8.969	0.000004033673102926080
8.97	0.000004033673102926080
8.971	0.000004033673102926080
8.972	0.000004033673102926080
8.973	0.000004033673102926080
8.974	0.000004033673102926080
8.975	0.000004033673102926080
8.976	0.000004033673102926080
8.977	0.000004033673102926080
8.978	0.000002016836551463040
8.979	0.000002016836551463040
8.98	0.000002016836551463040
8.981	0.000002016836551463040
8.982	0.000002016836551463040
8.983	0.000002016836551463040
8.984	0.000002016836551463040
8.985	0.000002016836551463040
8.986	0.000002016836551463040
8.987	0.000002016836551463040
8.988	0.000002016836551463040
8.989	0.000002016836551463040
8.99	0.000002016836551463040
8.991	0.000002016836551463040
8.992	0.000002016836551463040
8.993	0.000002016836551463040
8.994	0.000002016836551463040
8.995	0.000002016836551463040
8.996	0.000002016836551463040
8.997	0.000002016836551463040
8.998	0.000002016836551463040
8.999	0.000002016836551463040
9	0.000002016836551463040
9.001	0.000002016836551463040
9.002	0.000002016836551463040
9.003	0.000002016836551463040
9.004	0.000000000000000000000
9.005	0.000000000000000000000
9.006	0.000000000000000000000
9.007	0.000000000000000000000
9.008	0.000000000000000000000
9.009	0.000000000000000000000
9.01	0.000000000000000000000
9.011	0.000000000000000000000
9.012	0.000000000000000000000
9.013	0.000000000000000000000
9.014	0.000000000000000000000
9.015	0.000000000000000000000
9.016	0.000000000000000000000
9.017	0.000000000000000000000
9.018	0.000000000000000000000
9.019	0.000000000000000000000
9.02	0.000000000000000000000
9.021	0.000000000000000000000
9.022	0.000000000000000000000
9.023	0.000000000000000000000
9.024	0.000000000000000000000
9.025	0.000000000000000000000
9.026	0.000000000000000000000
9.027	0.000000000000000000000
9.028	0.000000000000000000000
9.029	0.000000000000000000000
9.03	0.000000000000000000000
9.031	0.000000000000000000000
9.032	0.000000000000000000000
9.033	0.000000000000000000000
9.034	0.000000000000000000000
9.035	0.000000000000000000000
9.036	0.000000000000000000000
9.037	0.000000000000000000000
9.038	0.000000000000000000000
9.039	0.000000000000000000000
9.04	0.000000000000000000000
9.041	0.000000000000000000000
9.042	0.000000000000000000000
9.043	0.000000000000000000000
9.044	0.000000000000000000000
9.045	0.000000000000000000000
9.046	0.000000000000000000000
9.047	0.000000000000000000000
9.048	0.000000000000000000000
9.049	0.000000000000000000000
9.05	0.000000000000000000000
9.051	0.000000000000000000000
9.052	0.000000000000000000000
9.053	0.000000000000000000000
9.054	0.000000000000000000000
9.055	0.000000000000000000000
9.056	0.000000000000000000000
9.057	0.000000000000000000000
9.058	0.000000000000000000000
9.059	0.000000000000000000000
9.06	0.000000000000000000000
9.061	0.000000000000000000000
9.062	0.000000000000000000000
9.063	0.000000000000000000000
9.064	0.000000000000000000000
9.065	0.000000000000000000000
9.066	0.000000000000000000000
9.067	0.000000000000000000000
9.068	0.000000000000000000000
9.069	0.000000000000000000000
9.07	0.000000000000000000000
9.071	0.000000000000000000000
9.072	0.000000000000000000000
9.073	0.000000000000000000000
9.074	0.000000000000000000000
9.075	0.000000000000000000000
9.076	0.000000000000000000000
9.077	0.000000000000000000000
9.078	0.000000000000000000000
9.079	0.000000000000000000000
9.08	0.000000000000000000000
9.081	0.000000000000000000000
9.082	0.000000000000000000000
9.083	0.000000000000000000000
9.084	0.000000000000000000000
9.085	0.000000000000000000000
9.086	0.000000000000000000000
9.087	0.000000000000000000000
9.088	0.000000000000000000000
9.089	0.000000000000000000000
9.09	0.000000000000000000000
9.091	0.000000000000000000000
9.092	0.000000000000000000000
9.093	0.000000000000000000000
9.094	0.000000000000000000000
9.095	0.000000000000000000000
9.096	0.000000000000000000000
9.097	0.000000000000000000000
9.098	0.000000000000000000000
9.099	0.000000000000000000000
9.1	0.000000000000000000000
9.101	0.000000000000000000000
9.102	0.000000000000000000000
9.103	0.000000000000000000000
9.104	0.000000000000000000000
9.105	0.000000000000000000000
9.106	0.000000000000000000000
9.107	0.000000000000000000000
9.108	0.000000000000000000000
9.109	0.000000000000000000000
9.11	0.000000000000000000000
9.111	0.000000000000000000000
9.112	0.000000000000000000000
9.113	0.000000000000000000000
9.114	0.000000000000000000000
9.115	0.000000000000000000000
9.116	0.000000000000000000000
9.117	0.000000000000000000000
9.118	0.000000000000000000000
9.119	0.000000000000000000000
9.12	0.000000000000000000000
9.121	0.000000000000000000000
9.122	0.000000000000000000000
9.123	0.000000000000000000000
9.124	0.000000000000000000000
9.125	0.000000000000000000000
9.126	0.000000000000000000000
9.127	0.000000000000000000000
9.128	0.000000000000000000000
9.129	0.000000000000000000000
9.13	0.000000000000000000000
9.131	0.000000000000000000000
9.132	0.000000000000000000000
9.133	0.000000000000000000000
9.134	0.000000000000000000000
9.135	0.000000000000000000000
9.136	0.000000000000000000000
9.137	0.000000000000000000000
9.138	0.000000000000000000000
9.139	0.000000000000000000000
9.14	0.000000000000000000000
9.141	0.000000000000000000000
9.142	0.000000000000000000000
9.143	0.000000000000000000000
9.144	0.000000000000000000000
9.145	0.000002016836551463040
9.146	0.000002016836551463040
9.147	0.000002016836551463040
9.148	0.000002016836551463040
9.149	0.000002016836551463040
9.15	0.000002016836551463040
9.151	0.000002016836551463040
9.152	0.000002016836551463040
9.153	0.000002016836551463040
9.154	0.000002016836551463040
9.155	0.000002016836551463040
9.156	0.000002016836551463040
9.157	0.000002016836551463040
9.158	0.000002016836551463040
9.159	0.000002016836551463040
9.16	0.000002016836551463040
9.161	0.000002016836551463040
9.162	0.000002016836551463040
9.163	0.000002016836551463040
9.164	0.000002016836551463040
9.165	0.000002016836551463040
9.166	0.000002016836551463040
9.167	0.000002016836551463040
9.168	0.000002016836551463040
9.169	0.000002016836551463040
9.17	0.000002016836551463040
9.171	0.000002016836551463040
9.172	0.000002016836551463040
9.173	0.000002016836551463040
9.174	0.000002016836551463040
9.175	0.000002016836551463040
9.176	0.000002016836551463040
9.177	0.000002016836551463040
9.178	0.000002016836551463040
9.179	0.000002016836551463040
9.18	0.000002016836551463040
9.181	0.000002016836551463040
9.182	0.000002016836551463040
9.183	0.000002016836551463040
9.184	0.000002016836551463040
9.185	0.000002016836551463040
9.186	0.000002016836551463040
9.187	0.000002016836551463040
9.188	0.000002016836551463040
9.189	0.000002016836551463040
9.19	0.000002016836551463040
9.191	0.000002016836551463040
9.192	0.000002016836551463040
9.193	0.000002016836551463040
9.194	0.000002016836551463040
9.195	0.000002016836551463040
9.196	0.000002016836551463040
9.197	0.000002016836551463040
9.198	0.000002016836551463040
9.199	0.000002016836551463040
9.2	0.000002016836551463040
9.201	0.000002016836551463040
9.202	0.000002016836551463040
9.203	0.000002016836551463040
9.204	0.000002016836551463040
9.205	0.000002016836551463040
9.206	0.000002016836551463040
9.207	0.000002016836551463040
9.208	0.000002016836551463040
9.209	0.000002016836551463040
9.21	0.000002016836551463040
9.211	0.000002016836551463040
9.212	0.000002016836551463040
9.213	0.000002016836551463040
9.214	0.000002016836551463040
9.215	0.000002016836551463040
9.216	0.000002016836551463040
9.217	0.000002016836551463040
9.218	0.000002016836551463040
9.219	0.000002016836551463040
9.22	0.000002016836551463040
9.221	0.000002016836551463040
9.222	0.000002016836551463040
9.223	0.000002016836551463040
9.224	0.000002016836551463040
9.225	0.000002016836551463040
9.226	0.000002016836551463040
9.227	0.000002016836551463040
9.228	0.000002016836551463040
9.229	0.000002016836551463040
9.23	0.000002016836551463040
9.231	0.000002016836551463040
9.232	0.000002016836551463040
9.233	0.000002016836551463040
9.234	0.000002016836551463040
9.235	0.000002016836551463040
9.236	0.000002016836551463040
9.237	0.000002016836551463040
9.238	0.000002016836551463040
9.239	0.000002016836551463040
9.24	0.000002016836551463040
9.241	0.000002016836551463040
9.242	0.000002016836551463040
9.243	0.000002016836551463040
9.244	0.000002016836551463040
9.245	0.000002016836551463040
	
	
	
	
	
	
	
	
	
	
	
	
	
	
	
	
	
	
	
	
	
	
	
	
	
	
	
	
	
	
	
	
	
	
	
	
	
	
	
	
	
	
	
	
	
	
	
	
	
	
	
	
	
	
	
	
	
	
	
	
	
	
	
	
	
	
	
	
	
	
	
	
	
	
	
	
	
	
	
	
	
	
	
	
	
	
	
	
	
	
	
	
	
	
	
	
	
	
	
	
	
	
	
	
	
	
	
	
	
	
	
	
	
	
	
	
	
	
	
	
	
	
	
	
	
	
	
	
	
	
	
	
	
	
	
	
	
	
	
	
	
	
	
	
	
	
	
	
	
	
	
	
	
	
	
	
	
	
	
	
	
	
	
	
	
	
	
	
	
	
	
	
	
	
	
	
	
	
	
	
	
	
	
	
	
	
	
	
	
	
	
	
	
	
	
	
	
	
	
	
	
	
	
	
	
	
	
	
	
	
	
	
	
	
	
	
	
	
	
	
	
	
	
	
	
	
	
	
	
	
	
	
	
	
	
	
	
	
	
	
	
	
	
	
	
	
	
	
	
	
	
	
	
	
	
	
	
	
	
	
	
	
	
	
	
	
	
	
	
	
	
	
	
	
	
	
	
	
	
	
	
	
	
	
	
	
	
	
	
	
	
	
	
	
	
	
	
	
	
	
	
	
	
	
	
	
	
	
	
	
	
	
	
	
	
	
	
	
	
	
	
	
	
	
	
	
	
	
	
	
	
	
	
