13.16	0.00000100673389420475
13.161	0.00000101654351662663
13.162	0.00000102635313904851
13.163	0.00000103616276147040
13.164	0.00000104597238389228
13.165	0.00000105578200631417
13.166	0.00000106392881715154
13.167	0.00000107207562798891
13.168	0.00000108022243882628
13.169	0.00000108836924966364
13.17	0.00000109651606050101
13.171	0.00000110511809825203
13.172	0.00000111372013600305
13.173	0.00000112232217375406
13.174	0.00000113092421150508
13.175	0.00000113952624925609
13.176	0.00000114861033882904
13.177	0.00000115769442840198
13.178	0.00000116677851797493
13.179	0.00000117586260754787
13.18	0.00000118494669712082
13.181	0.00000120087390189253
13.182	0.00000121680110666425
13.183	0.00000123272831143596
13.184	0.00000124865551620768
13.185	0.00000126458272097940
13.186	0.00000129588853884762
13.187	0.00000132719435671584
13.188	0.00000135850017458407
13.189	0.00000138980599245229
13.19	0.00000142111181032052
13.191	0.00000144806213929755
13.192	0.00000147501246827458
13.193	0.00000150196279725162
13.194	0.00000152891312622865
13.195	0.00000155586345520568
13.196	0.00000160293125076941
13.197	0.00000164999904633313
13.198	0.00000169706684189686
13.199	0.00000174413463746058
13.2	0.00000179120243302430
13.201	0.00000184487922161484
13.202	0.00000189855601020538
13.203	0.00000195223279879592
13.204	0.00000200590958738646
13.205	0.00000205958637597700
13.206	0.00000209621956039183
13.207	0.00000213285274480665
13.208	0.00000216948592922147
13.209	0.00000220611911363629
13.21	0.00000224275229805111
13.211	0.00000229491553607275
13.212	0.00000234707877409439
13.213	0.00000239924201211603
13.214	0.00000245140525013766
13.215	0.00000250356848815930
13.216	0.00000253505415772475
13.217	0.00000256653982729020
13.218	0.00000259802549685566
13.219	0.00000262951116642111
13.22	0.00000266099683598656
13.221	0.00000268828039954806
13.222	0.00000271556396310956
13.223	0.00000274284752667105
13.224	0.00000277013109023255
13.225	0.00000279741465379405
13.226	0.00000281317185057723
13.227	0.00000282892904736041
13.228	0.00000284468624414359
13.229	0.00000286044344092676
13.23	0.00000287620063770994
13.231	0.00000289916092577632
13.232	0.00000292212121384270
13.233	0.00000294508150190908
13.234	0.00000296804178997545
13.235	0.00000299100207804183
13.236	0.00000302084113482607
13.237	0.00000305068019161030
13.238	0.00000308051924839453
13.239	0.00000311035830517877
13.24	0.00000314019736196300
13.241	0.00000317768126631860
13.242	0.00000321516517067421
13.243	0.00000325264907502981
13.244	0.00000329013297938541
13.245	0.00000332761688374102
13.246	0.00000339210001806210
13.247	0.00000345658315238318
13.248	0.00000352106628670427
13.249	0.00000358554942102535
13.25	0.00000365003255534643
13.251	0.00000375034691920661
13.252	0.00000385066128306679
13.253	0.00000395097564692696
13.254	0.00000405129001078714
13.255	0.00000415160437464732
13.256	0.00000431272594464956
13.257	0.00000447384751465180
13.258	0.00000463496908465403
13.259	0.00000479609065465627
13.26	0.00000495721222465851
13.261	0.00000519397579724299
13.262	0.00000543073936982748
13.263	0.00000566750294241196
13.264	0.00000590426651499645
13.265	0.00000614103008758093
13.266	0.00000648003172807904
13.267	0.00000681903336857715
13.268	0.00000715803500907526
13.269	0.00000749703664957338
13.27	0.00000783603829007149
13.271	0.00000826053490051179
13.272	0.00000868503151095210
13.273	0.00000910952812139240
13.274	0.00000953402473183271
13.275	0.00000995852134227302
13.276	0.00001041182627445780
13.277	0.00001086513120664250
13.278	0.00001131843613882720
13.279	0.00001177174107101200
13.28	0.00001222504600319670
13.281	0.00001272544250025320
13.282	0.00001322583899730970
13.283	0.00001372623549436620
13.284	0.00001422663199142260
13.285	0.00001472702848847910
13.286	0.00001526999716121170
13.287	0.00001581296583394420
13.288	0.00001635593450667670
13.289	0.00001689890317940930
13.29	0.00001744187185214180
13.291	0.00001807608739450860
13.292	0.00001871030293687530
13.293	0.00001934451847924200
13.294	0.00001997873402160880
13.295	0.00002061294956397550
13.296	0.00002135174052427720
13.297	0.00002209053148457880
13.298	0.00002282932244488050
13.299	0.00002356811340518210
13.3	0.00002430690436548380
13.301	0.00002499674227418310
13.302	0.00002568658018288240
13.303	0.00002637641809158170
13.304	0.00002706625600028100
13.305	0.00002775609390898030
13.306	0.00002848573282155560
13.307	0.00002921537173413090
13.308	0.00002994501064670610
13.309	0.00003067464955928140
13.31	0.00003140428847185660
13.311	0.00003222140821360020
13.312	0.00003303852795534380
13.313	0.00003385564769708740
13.314	0.00003467276743883090
13.315	0.00003548988718057450
13.316	0.00003618925435709850
13.317	0.00003688862153362260
13.318	0.00003758798871014660
13.319	0.00003828735588667060
13.32	0.00003898672306319460
13.321	0.00003960357909974560
13.322	0.00004022043513629660
13.323	0.00004083729117284760
13.324	0.00004145414720939860
13.325	0.00004207100324594960
13.326	0.00004257912409756970
13.327	0.00004308724494918980
13.328	0.00004359536580080990
13.329	0.00004410348665243000
13.33	0.00004461160750405010
13.331	0.00004522141637960920
13.332	0.00004583122525516820
13.333	0.00004644103413072730
13.334	0.00004705084300628630
13.335	0.00004766065188184540
13.336	0.00004788867239523000
13.337	0.00004811669290861460
13.338	0.00004834471342199920
13.339	0.00004857273393538380
13.34	0.00004880075444876840
13.341	0.00004910171515523250
13.342	0.00004940267586169670
13.343	0.00004970363656816080
13.344	0.00005000459727462490
13.345	0.00005030555798108900
13.346	0.00005067534621223010
13.347	0.00005104513444337130
13.348	0.00005141492267451250
13.349	0.00005178471090565370
13.35	0.00005215449913679480
13.351	0.00005234373258708690
13.352	0.00005253296603737890
13.353	0.00005272219948767100
13.354	0.00005291143293796300
13.355	0.00005310066638825510
13.356	0.00005348798920840500
13.357	0.00005387531202855490
13.358	0.00005426263484870480
13.359	0.00005464995766885470
13.36	0.00005503728048900470
13.361	0.00005543665039307200
13.362	0.00005583602029713940
13.363	0.00005623539020120680
13.364	0.00005663476010527420
13.365	0.00005703413000934160
13.366	0.00005772283463873340
13.367	0.00005841153926812520
13.368	0.00005910024389751700
13.369	0.00005978894852690880
13.37	0.00006047765315630060
13.371	0.00006113103442551720
13.372	0.00006178441569473390
13.373	0.00006243779696395050
13.374	0.00006309117823316720
13.375	0.00006374455950238390
13.376	0.00006450250716421680
13.377	0.00006526045482604970
13.378	0.00006601840248788270
13.379	0.00006677635014971560
13.38	0.00006753429781154850
13.381	0.00006825087960804200
13.382	0.00006896746140453560
13.383	0.00006968404320102910
13.384	0.00007040062499752260
13.385	0.00007111720679401610
13.386	0.00007212250662129150
13.387	0.00007312780644856690
13.388	0.00007413310627584230
13.389	0.00007513840610311770
13.39	0.00007614370593039310
13.391	0.00007720830411248510
13.392	0.00007827290229457710
13.393	0.00007933750047666910
13.394	0.00008040209865876110
13.395	0.00008146669684085320
13.396	0.00008259316742305150
13.397	0.00008371963800524990
13.398	0.00008484610858744830
13.399	0.00008597257916964670
13.4	0.00008709904975184510
13.401	0.00008869493795587290
13.402	0.00009029082615990060
13.403	0.00009188671436392840
13.404	0.00009348260256795620
13.405	0.00009507849077198400
13.406	0.00009679461955057340
13.407	0.00009851074832916270
13.408	0.00010022687710775200
13.409	0.00010194300588634100
13.41	0.00010365913466493100
13.411	0.00010538543004304100
13.412	0.00010711172542115100
13.413	0.00010883802079926200
13.414	0.00011056431617737200
13.415	0.00011229061155548200
13.416	0.00011463923556425600
13.417	0.00011698785957303000
13.418	0.00011933648358180400
13.419	0.00012168510759057900
13.42	0.00012403373159935300
13.421	0.00012657784902335000
13.422	0.00012912196644734800
13.423	0.00013166608387134500
13.424	0.00013421020129534200
13.425	0.00013675431871934000
13.426	0.00014011095371194100
13.427	0.00014346758870454300
13.428	0.00014682422369714400
13.429	0.00015018085868974600
13.43	0.00015353749368234700
13.431	0.00015772078533118100
13.432	0.00016190407698001600
13.433	0.00016608736862885000
13.434	0.00017027066027768400
13.435	0.00017445395192651900
13.436	0.00017927404165660500
13.437	0.00018409413138669200
13.438	0.00018891422111677900
13.439	0.00019373431084686500
13.44	0.00019855440057695200
13.441	0.00020426281039167800
13.442	0.00020997122020640400
13.443	0.00021567963002113100
13.444	0.00022138803983585700
13.445	0.00022709644965058300
13.446	0.00023502092263825400
13.447	0.00024294539562592400
13.448	0.00025086986861359500
13.449	0.00025879434160126600
13.45	0.00026671881458893600
13.451	0.00027559174967100900
13.452	0.00028446468475308100
13.453	0.00029333761983515400
13.454	0.00030221055491722600
13.455	0.00031108348999929800
13.456	0.00032060358755710300
13.457	0.00033012368511490700
13.458	0.00033964378267271100
13.459	0.00034916388023051500
13.46	0.00035868397778832000
13.461	0.00037005741938637900
13.462	0.00038143086098443900
13.463	0.00039280430258249800
13.464	0.00040417774418055800
13.465	0.00041555118577861700
13.466	0.00042868652149501900
13.467	0.00044182185721142100
13.468	0.00045495719292782300
13.469	0.00046809252864422500
13.47	0.00048122786436062700
13.471	0.00049412097572446200
13.472	0.00050701408708829700
13.473	0.00051990719845213200
13.474	0.00053280030981596700
13.475	0.00054569342117980200
13.476	0.00055896837908076900
13.477	0.00057224333698173600
13.478	0.00058551829488270300
13.479	0.00059879325278367000
13.48	0.00061206821068463700
13.481	0.00062356620280506400
13.482	0.00063506419492549100
13.483	0.00064656218704591800
13.484	0.00065806017916634600
13.485	0.00066955817128677300
13.486	0.00067918504880601100
13.487	0.00068881192632524900
13.488	0.00069843880384448800
13.489	0.00070806568136372600
13.49	0.00071769255888296500
13.491	0.00072349337642632800
13.492	0.00072929419396969100
13.493	0.00073509501151305500
13.494	0.00074089582905641800
13.495	0.00074669664659978200
13.496	0.00074860445412821300
13.497	0.00075051226165664300
13.498	0.00075242006918507400
13.499	0.00075432787671350500
13.5	0.00075623568424193500
13.501	0.00075584284983642900
13.502	0.00075545001543092400
13.503	0.00075505718102541800
13.504	0.00075466434661991200
13.505	0.00075427151221440600
13.506	0.00075149233149881000
13.507	0.00074871315078321400
13.508	0.00074593397006761800
13.509	0.00074315478935202100
13.51	0.00074037560863642500
13.511	0.00073606269985317800
13.512	0.00073174979106993100
13.513	0.00072743688228668300
13.514	0.00072312397350343600
13.515	0.00071881106472018900
13.516	0.00071475082939761800
13.517	0.00071069059407504700
13.518	0.00070663035875247600
13.519	0.00070257012342990500
13.52	0.00069850988810733500
13.521	0.00069431768111789100
13.522	0.00069012547412844800
13.523	0.00068593326713900400
13.524	0.00068174106014956100
13.525	0.00067754885316011700
13.526	0.00067604009624567000
13.527	0.00067453133933122200
13.528	0.00067302258241677400
13.529	0.00067151382550232600
13.53	0.00067000506858787800
13.531	0.00067132511979542000
13.532	0.00067264517100296200
13.533	0.00067396522221050400
13.534	0.00067528527341804600
13.535	0.00067660532462558800
13.536	0.00068233267531781100
13.537	0.00068806002601003400
13.538	0.00069378737670225700
13.539	0.00069951472739448000
13.54	0.00070524207808670300
13.541	0.00071446943223012900
13.542	0.00072369678637355500
13.543	0.00073292414051698100
13.544	0.00074215149466040700
13.545	0.00075137884880383400
13.546	0.00076535793867095000
13.547	0.00077933702853806700
13.548	0.00079331611840518300
13.549	0.00080729520827230000
13.55	0.00082127429813941600
13.551	0.00083999459705401000
13.552	0.00085871489596860300
13.553	0.00087743519488319700
13.554	0.00089615549379779100
13.555	0.00091487579271238400
13.556	0.00093518210501009200
13.557	0.00095548841730780100
13.558	0.00097579472960550800
13.559	0.00099610104190321600
13.56	0.00101640735420092000
13.561	0.00103792170159633000
13.562	0.00105943604899174000
13.563	0.00108095039638715000
13.564	0.00110246474378255000
13.565	0.00112397909117796000
13.566	0.00114553368789582000
13.567	0.00116708828461368000
13.568	0.00118864288133155000
13.569	0.00121019747804941000
13.57	0.00123175207476727000
13.571	0.00125029532005389000
13.572	0.00126883856534051000
13.573	0.00128738181062713000
13.574	0.00130592505591375000
13.575	0.00132446830120037000
13.576	0.00134336552654690000
13.577	0.00136226275189342000
13.578	0.00138115997723994000
13.579	0.00140005720258647000
13.58	0.00141895442793299000
13.581	0.00143354377580333000
13.582	0.00144813312367366000
13.583	0.00146272247154400000
13.584	0.00147731181941434000
13.585	0.00149190116728467000
13.586	0.00150506247726042000
13.587	0.00151822378723616000
13.588	0.00153138509721190000
13.589	0.00154454640718765000
13.59	0.00155770771716339000
13.591	0.00156608694932067000
13.592	0.00157446618147795000
13.593	0.00158284541363523000
13.594	0.00159122464579251000
13.595	0.00159960387794979000
13.596	0.00160794994761248000
13.597	0.00161629601727517000
13.598	0.00162464208693786000
13.599	0.00163298815660055000
13.6	0.00164133422626324000
13.601	0.00164640304973600000
13.602	0.00165147187320877000
13.603	0.00165654069668153000
13.604	0.00166160952015430000
13.605	0.00166667834362706000
13.606	0.00167003127186302000
13.607	0.00167338420009898000
13.608	0.00167673712833495000
13.609	0.00168009005657091000
13.61	0.00168344298480687000
13.611	0.00168676950216841000
13.612	0.00169009601952996000
13.613	0.00169342253689150000
13.614	0.00169674905425304000
13.615	0.00170007557161459000
13.616	0.00170172745221873000
13.617	0.00170337933282287000
13.618	0.00170503121342702000
13.619	0.00170668309403116000
13.62	0.00170833497463530000
13.621	0.00170983562494387000
13.622	0.00171133627525243000
13.623	0.00171283692556099000
13.624	0.00171433757586956000
13.625	0.00171583822617812000
13.626	0.00171896571224157000
13.627	0.00172209319830502000
13.628	0.00172522068436847000
13.629	0.00172834817043192000
13.63	0.00173147565649536000
13.631	0.00173295639022222000
13.632	0.00173443712394908000
13.633	0.00173591785767594000
13.634	0.00173739859140280000
13.635	0.00173887932512966000
13.636	0.00174181687499319000
13.637	0.00174475442485671000
13.638	0.00174769197472024000
13.639	0.00175062952458377000
13.64	0.00175356707444729000
13.641	0.00175517590114195000
13.642	0.00175678472783661000
13.643	0.00175839355453126000
13.644	0.00176000238122592000
13.645	0.00176161120792057000
13.646	0.00176161120792057000
13.647	0.00176161120792057000
13.648	0.00176161120792057000
13.649	0.00176161120792057000
13.65	0.00176161120792057000
13.651	0.00176306212044904000
13.652	0.00176451303297751000
13.653	0.00176596394550598000
13.654	0.00176741485803444000
13.655	0.00176886577056291000
13.656	0.00176741485803444000
13.657	0.00176596394550598000
13.658	0.00176451303297751000
13.659	0.00176306212044904000
13.66	0.00176161120792057000
13.661	0.00175868440094850000
13.662	0.00175575759397642000
13.663	0.00175283078700434000
13.664	0.00174990398003226000
13.665	0.00174697717306018000
13.666	0.00174387686974722000
13.667	0.00174077656643425000
13.668	0.00173767626312129000
13.669	0.00173457595980833000
13.67	0.00173147565649536000
13.671	0.00172834817043192000
13.672	0.00172522068436847000
13.673	0.00172209319830502000
13.674	0.00171896571224157000
13.675	0.00171583822617812000
13.676	0.00171131447119311000
13.677	0.00170679071620810000
13.678	0.00170226696122309000
13.679	0.00169774320623809000
13.68	0.00169321945125308000
13.681	0.00169029629895751000
13.682	0.00168737314666195000
13.683	0.00168444999436639000
13.684	0.00168152684207083000
13.685	0.00167860368977527000
13.686	0.00167860368977527000
13.687	0.00167860368977527000
13.688	0.00167860368977527000
13.689	0.00167860368977527000
13.69	0.00167860368977527000
13.691	0.00167847566760022000
13.692	0.00167834764542518000
13.693	0.00167821962325014000
13.694	0.00167809160107510000
13.695	0.00167796357890005000
13.696	0.00168087394890447000
13.697	0.00168378431890889000
13.698	0.00168669468891331000
13.699	0.00168960505891773000
13.7	0.00169251542892216000
13.701	0.00169670790965883000
13.702	0.00170090039039550000
13.703	0.00170509287113217000
13.704	0.00170928535186885000
13.705	0.00171347783260552000
13.706	0.00172165969549122000
13.707	0.00172984155837692000
13.708	0.00173802342126261000
13.709	0.00174620528414831000
13.71	0.00175438714703401000
13.711	0.00176231975360663000
13.712	0.00177025236017924000
13.713	0.00177818496675186000
13.714	0.00178611757332448000
13.715	0.00179405017989710000
13.716	0.00180411363761967000
13.717	0.00181417709534224000
13.718	0.00182424055306481000
13.719	0.00183430401078738000
13.72	0.00184436746850995000
13.721	0.00185361451635772000
13.722	0.00186286156420549000
13.723	0.00187210861205326000
13.724	0.00188135565990103000
13.725	0.00189060270774880000
13.726	0.00190153441070262000
13.727	0.00191246611365643000
13.728	0.00192339781661025000
13.729	0.00193432951956407000
13.73	0.00194526122251789000
13.731	0.00195348078129097000
13.732	0.00196170034006405000
13.733	0.00196991989883713000
13.734	0.00197813945761021000
13.735	0.00198635901638330000
13.736	0.00199495067527727000
13.737	0.00200354233417124000
13.738	0.00201213399306521000
13.739	0.00202072565195918000
13.74	0.00202931731085315000
13.741	0.00203545897644124000
13.742	0.00204160064202932000
13.743	0.00204774230761741000
13.744	0.00205388397320550000
13.745	0.00206002563879359000
13.746	0.00206469862558590000
13.747	0.00206937161237820000
13.748	0.00207404459917051000
13.749	0.00207871758596282000
13.75	0.00208339057275512000
13.751	0.00208545473019806000
13.752	0.00208751888764099000
13.753	0.00208958304508393000
13.754	0.00209164720252686000
13.755	0.00209371135996979000
13.756	0.00209336665354484000
13.757	0.00209302194711989000
13.758	0.00209267724069494000
13.759	0.00209233253426999000
13.76	0.00209198782784504000
13.761	0.00209014278457248000
13.762	0.00208829774129993000
13.763	0.00208645269802737000
13.764	0.00208460765475481000
13.765	0.00208276261148225000
13.766	0.00208026190410693000
13.767	0.00207776119673160000
13.768	0.00207526048935627000
13.769	0.00207275978198095000
13.77	0.00207025907460562000
13.771	0.00206613499449153000
13.772	0.00206201091437744000
13.773	0.00205788683426335000
13.774	0.00205376275414925000
13.775	0.00204963867403516000
13.776	0.00204598664949003000
13.777	0.00204233462494490000
13.778	0.00203868260039977000
13.779	0.00203503057585464000
13.78	0.00203137855130950000
13.781	0.00202753324032694000
13.782	0.00202368792934437000
13.783	0.00201984261836181000
13.784	0.00201599730737924000
13.785	0.00201215199639668000
13.786	0.00200748545179535000
13.787	0.00200281890719402000
13.788	0.00199815236259269000
13.789	0.00199348581799136000
13.79	0.00198881927339003000
13.791	0.00198526590724316000
13.792	0.00198171254109628000
13.793	0.00197815917494941000
13.794	0.00197460580880253000
13.795	0.00197105244265566000
13.796	0.00196771017214740000
13.797	0.00196436790163915000
13.798	0.00196102563113090000
13.799	0.00195768336062265000
13.8	0.00195434109011439000
13.801	0.00195153388805492000
13.802	0.00194872668599545000
13.803	0.00194591948393598000
13.804	0.00194311228187651000
13.805	0.00194030507981703000
13.806	0.00193708673099177000
13.807	0.00193386838216650000
13.808	0.00193065003334123000
13.809	0.00192743168451596000
13.81	0.00192421333569069000
13.811	0.00192064561240396000
13.812	0.00191707788911723000
13.813	0.00191351016583051000
13.814	0.00190994244254378000
13.815	0.00190637471925705000
13.816	0.00190146882804515000
13.817	0.00189656293683325000
13.818	0.00189165704562134000
13.819	0.00188675115440944000
13.82	0.00188184526319754000
13.821	0.00187656640208522000
13.822	0.00187128754097291000
13.823	0.00186600867986059000
13.824	0.00186072981874827000
13.825	0.00185545095763596000
13.826	0.00185003271029454000
13.827	0.00184461446295311000
13.828	0.00183919621561169000
13.829	0.00183377796827027000
13.83	0.00182835972092885000
13.831	0.00182436561624322000
13.832	0.00182037151155760000
13.833	0.00181637740687197000
13.834	0.00181238330218635000
13.835	0.00180838919750072000
13.836	0.00180294353507550000
13.837	0.00179749787265028000
13.838	0.00179205221022506000
13.839	0.00178660654779984000
13.84	0.00178116088537462000
13.841	0.00177699136423421000
13.842	0.00177282184309381000
13.843	0.00176865232195341000
13.844	0.00176448280081301000
13.845	0.00176031327967260000
13.846	0.00175624192622083000
13.847	0.00175217057276906000
13.848	0.00174809921931729000
13.849	0.00174402786586552000
13.85	0.00173995651241376000
13.851	0.00173708814995402000
13.852	0.00173421978749429000
13.853	0.00173135142503456000
13.854	0.00172848306257483000
13.855	0.00172561470011510000
13.856	0.00172271852965395000
13.857	0.00171982235919279000
13.858	0.00171692618873163000
13.859	0.00171403001827047000
13.86	0.00171113384780932000
13.861	0.00170982014854816000
13.862	0.00170850644928699000
13.863	0.00170719275002583000
13.864	0.00170587905076467000
13.865	0.00170456535150351000
13.866	0.00170456535150351000
13.867	0.00170456535150351000
13.868	0.00170456535150351000
13.869	0.00170456535150351000
13.87	0.00170456535150351000
13.871	0.00170309760658760000
13.872	0.00170162986167168000
13.873	0.00170016211675576000
13.874	0.00169869437183984000
13.875	0.00169722662692393000
13.876	0.00169854991325593000
13.877	0.00169987319958793000
13.878	0.00170119648591993000
13.879	0.00170251977225194000
13.88	0.00170384305858394000
13.881	0.00170384305858394000
13.882	0.00170384305858394000
13.883	0.00170384305858394000
13.884	0.00170384305858394000
13.885	0.00170384305858394000
13.886	0.00170530121642901000
13.887	0.00170675937427409000
13.888	0.00170821753211917000
13.889	0.00170967568996424000
13.89	0.00171113384780932000
13.891	0.00171258533799096000
13.892	0.00171403682817260000
13.893	0.00171548831835425000
13.894	0.00171693980853589000
13.895	0.00171839129871753000
13.896	0.00171983597899705000
13.897	0.00172128065927656000
13.898	0.00172272533955608000
13.899	0.00172417001983559000
13.9	0.00172561470011510000
13.901	0.00172578827188276000
13.902	0.00172596184365041000
13.903	0.00172613541541807000
13.904	0.00172630898718573000
13.905	0.00172648255895338000
13.906	0.00172665613072104000
13.907	0.00172682970248869000
13.908	0.00172700327425635000
13.909	0.00172717684602401000
13.91	0.00172735041779166000
13.911	0.00172679848616853000
13.912	0.00172624655454540000
13.913	0.00172569462292227000
13.914	0.00172514269129914000
13.915	0.00172459075967600000
13.916	0.00172403882805287000
13.917	0.00172348689642974000
13.918	0.00172293496480661000
13.919	0.00172238303318348000
13.92	0.00172183110156035000
13.921	0.00171855222649323000
13.922	0.00171527335142610000
13.923	0.00171199447635898000
13.924	0.00170871560129186000
13.925	0.00170543672622474000
13.926	0.00170215785115762000
13.927	0.00169887897609050000
13.928	0.00169560010102338000
13.929	0.00169232122595626000
13.93	0.00168904235088913000
13.931	0.00168527422367716000
13.932	0.00168150609646518000
13.933	0.00167773796925320000
13.934	0.00167396984204122000
13.935	0.00167020171482924000
13.936	0.00166643358761727000
13.937	0.00166266546040529000
13.938	0.00165889733319331000
13.939	0.00165512920598133000
13.94	0.00165136107876935000
13.941	0.00164683954317164000
13.942	0.00164231800757393000
13.943	0.00163779647197622000
13.944	0.00163327493637851000
13.945	0.00162875340078080000
13.946	0.00162423186518309000
13.947	0.00161971032958538000
13.948	0.00161518879398767000
13.949	0.00161066725838996000
13.95	0.00160614572279225000
13.951	0.00160029762768014000
13.952	0.00159444953256803000
13.953	0.00158860143745592000
13.954	0.00158275334234381000
13.955	0.00157690524723170000
13.956	0.00157105715211959000
13.957	0.00156520905700747000
13.958	0.00155936096189536000
13.959	0.00155351286678325000
13.96	0.00154766477167114000
13.961	0.00154087169214848000
13.962	0.00153407861262582000
13.963	0.00152728553310316000
13.964	0.00152049245358050000
13.965	0.00151369937405784000
13.966	0.00150690629453518000
13.967	0.00150011321501252000
13.968	0.00149332013548986000
13.969	0.00148652705596720000
13.97	0.00147973397644454000
13.971	0.00147291102656023000
13.972	0.00146608807667592000
13.973	0.00145926512679162000
13.974	0.00145244217690731000
13.975	0.00144561922702300000
13.976	0.00143879627713869000
13.977	0.00143197332725438000
13.978	0.00142515037737008000
13.979	0.00141832742748577000
13.98	0.00141150447760146000
13.981	0.00140384153488726000
13.982	0.00139617859217306000
13.983	0.00138851564945885000
13.984	0.00138085270674465000
13.985	0.00137318976403045000
13.986	0.00136552682131625000
13.987	0.00135786387860205000
13.988	0.00135020093588784000
13.989	0.00134253799317364000
13.99	0.00133487505045944000
13.991	0.00132641425369850000
13.992	0.00131795345693756000
13.993	0.00130949266017662000
13.994	0.00130103186341569000
13.995	0.00129257106665475000
13.996	0.00128411026989381000
13.997	0.00127564947313287000
13.998	0.00126718867637193000
13.999	0.00125872787961099000
14	0.00125026708285005000
14.001	0.00124413397442370000
14.002	0.00123800086599735000
14.003	0.00123186775757100000
14.004	0.00122573464914464000
14.005	0.00121960154071829000
14.006	0.00121346843229194000
14.007	0.00120733532386559000
14.008	0.00120120221543924000
14.009	0.00119506910701289000
14.01	0.00118893599858653000
14.011	0.00118209380604009000
14.012	0.00117525161349365000
14.013	0.00116840942094721000
14.014	0.00116156722840077000
14.015	0.00115472503585432000
14.016	0.00114788284330788000
14.017	0.00114104065076144000
14.018	0.00113419845821500000
14.019	0.00112735626566856000
14.02	0.00112051407312211000
14.021	0.00111383034800619000
14.022	0.00110714662289026000
14.023	0.00110046289777433000
14.024	0.00109377917265840000
14.025	0.00108709544754247000
14.026	0.00108041172242655000
14.027	0.00107372799731062000
14.028	0.00106704427219469000
14.029	0.00106036054707876000
14.03	0.00105367682196283000
14.031	0.00104707167779067000
14.032	0.00104046653361850000
14.033	0.00103386138944634000
14.034	0.00102725624527417000
14.035	0.00102065110110200000
14.036	0.00101404595692984000
14.037	0.00100744081275767000
14.038	0.00100083566858550000
14.039	0.00099423052441333700
14.04	0.00098762538024117100
14.041	0.00098126837325392300
14.042	0.00097491136626667500
14.043	0.00096855435927942600
14.044	0.00096219735229217800
14.045	0.00095584034530493000
14.046	0.00094948333831768200
14.047	0.00094312633133043400
14.048	0.00093676932434318600
14.049	0.00093041231735593800
14.05	0.00092405531036869000
14.051	0.00091722178335095300
14.052	0.00091038825633321600
14.053	0.00090355472931547900
14.054	0.00089672120229774200
14.055	0.00088988767528000500
14.056	0.00088305414826226800
14.057	0.00087622062124453100
14.058	0.00086938709422679400
14.059	0.00086255356720905700
14.06	0.00085572004019132000
14.061	0.00084916133247652300
14.062	0.00084260262476172600
14.063	0.00083604391704692900
14.064	0.00082948520933213200
14.065	0.00082292650161733400
14.066	0.00081636779390253700
14.067	0.00080980908618774000
14.068	0.00080325037847294300
14.069	0.00079669167075814600
14.07	0.00079013296304334900
14.071	0.00078338135086663700
14.072	0.00077662973868992400
14.073	0.00076987812651321200
14.074	0.00076312651433649900
14.075	0.00075637490215978700
14.076	0.00074962328998307400
14.077	0.00074287167780636100
14.078	0.00073612006562964900
14.079	0.00072936845345293600
14.08	0.00072261684127622400
14.081	0.00071611224225662700
14.082	0.00070960764323702900
14.083	0.00070310304421743200
14.084	0.00069659844519783500
14.085	0.00069009384617823700
14.086	0.00068358924715864000
14.087	0.00067708464813904200
14.088	0.00067058004911944500
14.089	0.00066407545009984800
14.09	0.00065757085108025000
14.091	0.00065144998540150400
14.092	0.00064532911972275700
14.093	0.00063920825404401000
14.094	0.00063308738836526400
14.095	0.00062696652268651700
14.096	0.00062084565700777000
14.097	0.00061472479132902300
14.098	0.00060860392565027700
14.099	0.00060248305997153000
14.1	0.00059636219429278300
14.101	0.00059011601262885900
14.102	0.00058386983096493600
14.103	0.00057762364930101200
14.104	0.00057137746763708800
14.105	0.00056513128597316400
14.106	0.00055888510430924000
14.107	0.00055263892264531600
14.108	0.00054639274098139200
14.109	0.00054014655931746900
14.11	0.00053390037765354500
14.111	0.00052812033322177500
14.112	0.00052234028879000600
14.113	0.00051656024435823700
14.114	0.00051078019992646800
14.115	0.00050500015549469800
14.116	0.00049922011106292900
14.117	0.00049344006663116000
14.118	0.00048766002219939000
14.119	0.00048187997776762100
14.12	0.00047609993333585200
14.121	0.00047061710129649800
14.122	0.00046513426925714500
14.123	0.00045965143721779100
14.124	0.00045416860517843800
14.125	0.00044868577313908400
14.126	0.00044320294109973100
14.127	0.00043772010906037700
14.128	0.00043223727702102400
14.129	0.00042675444498167000
14.13	0.00042127161294231700
14.131	0.00041624480551152300
14.132	0.00041121799808072900
14.133	0.00040619119064993600
14.134	0.00040116438321914200
14.135	0.00039613757578834800
14.136	0.00039111076835755500
14.137	0.00038608396092676100
14.138	0.00038105715349596800
14.139	0.00037603034606517400
14.14	0.00037100353863438000
14.141	0.00036663401724854000
14.142	0.00036226449586270000
14.143	0.00035789497447685900
14.144	0.00035352545309101900
14.145	0.00034915593170517900
14.146	0.00034478641031933800
14.147	0.00034041688893349800
14.148	0.00033604736754765800
14.149	0.00033167784616181800
14.15	0.00032730832477597700
14.151	0.00032365171118096000
14.152	0.00031999509758594300
14.153	0.00031633848399092500
14.154	0.00031268187039590800
14.155	0.00030902525680089100
14.156	0.00030536864320587300
14.157	0.00030171202961085600
14.158	0.00029805541601583900
14.159	0.00029439880242082100
14.16	0.00029074218882580400
14.161	0.00028752999332322900
14.162	0.00028431779782065400
14.163	0.00028110560231808000
14.164	0.00027789340681550500
14.165	0.00027468121131293000
14.166	0.00027146901581035500
14.167	0.00026825682030778000
14.168	0.00026504462480520500
14.169	0.00026183242930263100
14.17	0.00025862023380005600
14.171	0.00025583734133700000
14.172	0.00025305444887394400
14.173	0.00025027155641088800
14.174	0.00024748866394783300
14.175	0.00024470577148477700
14.176	0.00024192287902172100
14.177	0.00023913998655866500
14.178	0.00023635709409560900
14.179	0.00023357420163255400
14.18	0.00023079130916949800
14.181	0.00022824076540321200
14.182	0.00022569022163692600
14.183	0.00022313967787064000
14.184	0.00022058913410435400
14.185	0.00021803859033806800
14.186	0.00021548804657178100
14.187	0.00021293750280549500
14.188	0.00021038695903920900
14.189	0.00020783641527292300
14.19	0.00020528587150663700
14.191	0.00020319314007741100
14.192	0.00020110040864818400
14.193	0.00019900767721895800
14.194	0.00019691494578973200
14.195	0.00019482221436050500
14.196	0.00019272948293127900
14.197	0.00019063675150205200
14.198	0.00018854402007282600
14.199	0.00018645128864360000
14.2	0.00018435855721437300
14.201	0.00018265380427680900
14.202	0.00018094905133924500
14.203	0.00017924429840168100
14.204	0.00017753954546411700
14.205	0.00017583479252655300
14.206	0.00017413003958898900
14.207	0.00017242528665142500
14.208	0.00017072053371386100
14.209	0.00016901578077629700
14.21	0.00016731102783873300
14.211	0.00016573281690796300
14.212	0.00016415460597719300
14.213	0.00016257639504642300
14.214	0.00016099818411565300
14.215	0.00015941997318488300
14.216	0.00015784176225411300
14.217	0.00015626355132334300
14.218	0.00015468534039257300
14.219	0.00015310712946180300
14.22	0.00015152891853103300
14.221	0.00015007157722617300
14.222	0.00014861423592131200
14.223	0.00014715689461645200
14.224	0.00014569955331159200
14.225	0.00014424221200673200
14.226	0.00014278487070187100
14.227	0.00014132752939701100
14.228	0.00013987018809215100
14.229	0.00013841284678729100
14.23	0.00013695550548243000
14.231	0.00013569900296863500
14.232	0.00013444250045483900
14.233	0.00013318599794104300
14.234	0.00013192949542724700
14.235	0.00013067299291345100
14.236	0.00012941649039965500
14.237	0.00012815998788585900
14.238	0.00012690348537206300
14.239	0.00012564698285826800
14.24	0.00012439048034447200
14.241	0.00012339116433409700
14.242	0.00012239184832372300
14.243	0.00012139253231334900
14.244	0.00012039321630297400
14.245	0.00011939390029260000
14.246	0.00011839458428222500
14.247	0.00011739526827185100
14.248	0.00011639595226147700
14.249	0.00011539663625110200
14.25	0.00011439732024072800
14.251	0.00011331719547689900
14.252	0.00011223707071307000
14.253	0.00011115694594924100
14.254	0.00011007682118541100
14.255	0.00010899669642158200
14.256	0.00010791657165775300
14.257	0.00010683644689392400
14.258	0.00010575632213009500
14.259	0.00010467619736626600
14.26	0.00010359607260243700
14.261	0.00010260310288047200
14.262	0.00010161013315850800
14.263	0.00010061716343654300
14.264	0.00009962419371457810
14.265	0.00009863122399261330
14.266	0.00009763825427064850
14.267	0.00009664528454868370
14.268	0.00009565231482671900
14.269	0.00009465934510475420
14.27	0.00009366637538278940
14.271	0.00009288058031634470
14.272	0.00009209478524990000
14.273	0.00009130899018345520
14.274	0.00009052319511701050
14.275	0.00008973740005056580
14.276	0.00008895160498412100
14.277	0.00008816580991767630
14.278	0.00008738001485123150
14.279	0.00008659421978478680
14.28	0.00008580842471834210
14.281	0.00008514540513778820
14.282	0.00008448238555723430
14.283	0.00008381936597668040
14.284	0.00008315634639612650
14.285	0.00008249332681557260
14.286	0.00008183030723501870
14.287	0.00008116728765446490
14.288	0.00008050426807391100
14.289	0.00007984124849335710
14.29	0.00007917822891280320
14.291	0.00007860868148529010
14.292	0.00007803913405777710
14.293	0.00007746958663026400
14.294	0.00007690003920275090
14.295	0.00007633049177523790
14.296	0.00007576094434772480
14.297	0.00007519139692021170
14.298	0.00007462184949269860
14.299	0.00007405230206518560
14.3	0.00007348275463767250
14.301	0.00007299250523194220
14.302	0.00007250225582621190
14.303	0.00007201200642048160
14.304	0.00007152175701475120
14.305	0.00007103150760902090
14.306	0.00007054125820329060
14.307	0.00007005100879756030
14.308	0.00006956075939183000
14.309	0.00006907050998609970
14.31	0.00006858026058036940
14.311	0.00006811816125507000
14.312	0.00006765606192977060
14.313	0.00006719396260447130
14.314	0.00006673186327917190
14.315	0.00006626976395387250
14.316	0.00006580766462857320
14.317	0.00006534556530327380
14.318	0.00006488346597797440
14.319	0.00006442136665267510
14.32	0.00006395926732737570
14.321	0.00006361726268151590
14.322	0.00006327525803565610
14.323	0.00006293325338979620
14.324	0.00006259124874393640
14.325	0.00006224924409807660
14.326	0.00006190723945221670
14.327	0.00006156523480635690
14.328	0.00006122323016049710
14.329	0.00006088122551463720
14.33	0.00006053922086877740
14.331	0.00006025404090477140
14.332	0.00005996886094076530
14.333	0.00005968368097675930
14.334	0.00005939850101275330
14.335	0.00005911332104874720
14.336	0.00005882814108474120
14.337	0.00005854296112073520
14.338	0.00005825778115672910
14.339	0.00005797260119272310
14.34	0.00005768742122871700
14.341	0.00005746244981117070
14.342	0.00005723747839362440
14.343	0.00005701250697607810
14.344	0.00005678753555853180
14.345	0.00005656256414098550
14.346	0.00005633759272343920
14.347	0.00005611262130589290
14.348	0.00005588764988834660
14.349	0.00005566267847080030
14.35	0.00005543770705325400
14.351	0.00005526554745594150
14.352	0.00005509338785862910
14.353	0.00005492122826131660
14.354	0.00005474906866400410
14.355	0.00005457690906669160
14.356	0.00005440474946937910
14.357	0.00005423258987206660
14.358	0.00005406043027475420
14.359	0.00005388827067744170
14.36	0.00005371611108012920
14.361	0.00005363179136269030
14.362	0.00005354747164525140
14.363	0.00005346315192781260
14.364	0.00005337883221037370
14.365	0.00005329451249293480
14.366	0.00005321019277549600
14.367	0.00005312587305805710
14.368	0.00005304155334061820
14.369	0.00005295723362317930
14.37	0.00005287291390574050
14.371	0.00005278975033644890
14.372	0.00005270658676715730
14.373	0.00005262342319786570
14.374	0.00005254025962857410
14.375	0.00005245709605928250
14.376	0.00005237393248999090
14.377	0.00005229076892069940
14.378	0.00005220760535140780
14.379	0.00005212444178211620
14.38	0.00005204127821282460
14.381	0.00005187836833632710
14.382	0.00005171545845982950
14.383	0.00005155254858333200
14.384	0.00005138963870683440
14.385	0.00005122672883033690
14.386	0.00005106381895383930
14.387	0.00005090090907734180
14.388	0.00005073799920084430
14.389	0.00005057508932434670
14.39	0.00005041217944784920
14.391	0.00005025374151445130
14.392	0.00005009530358105340
14.393	0.00004993686564765550
14.394	0.00004977842771425760
14.395	0.00004961998978085970
14.396	0.00004946155184746180
14.397	0.00004930311391406390
14.398	0.00004914467598066600
14.399	0.00004898623804726810
14.4	0.00004882780011387020
14.401	0.00004867373409859420
14.402	0.00004851966808331820
14.403	0.00004836560206804210
14.404	0.00004821153605276610
14.405	0.00004805747003749010
14.406	0.00004790340402221410
14.407	0.00004774933800693810
14.408	0.00004759527199166210
14.409	0.00004744120597638610
14.41	0.00004728713996111010
14.411	0.00004717841420592220
14.412	0.00004706968845073430
14.413	0.00004696096269554650
14.414	0.00004685223694035860
14.415	0.00004674351118517070
14.416	0.00004663478542998290
14.417	0.00004652605967479500
14.418	0.00004641733391960710
14.419	0.00004630860816441930
14.42	0.00004619988240923140
14.421	0.00004605332751833680
14.422	0.00004590677262744230
14.423	0.00004576021773654780
14.424	0.00004561366284565320
14.425	0.00004546710795475870
14.426	0.00004532055306386410
14.427	0.00004517399817296960
14.428	0.00004502744328207500
14.429	0.00004488088839118050
14.43	0.00004473433350028590
14.431	0.00004463221378290820
14.432	0.00004453009406553040
14.433	0.00004442797434815270
14.434	0.00004432585463077490
14.435	0.00004422373491339710
14.436	0.00004412161519601940
14.437	0.00004401949547864160
14.438	0.00004391737576126390
14.439	0.00004381525604388610
14.44	0.00004371313632650830
14.441	0.00004350552510444660
14.442	0.00004329791388238490
14.443	0.00004309030266032310
14.444	0.00004288269143826140
14.445	0.00004267508021619960
14.446	0.00004246746899413790
14.447	0.00004225985777207610
14.448	0.00004205224655001440
14.449	0.00004184463532795260
14.45	0.00004163702410589090
14.451	0.00004150348175873750
14.452	0.00004136993941158410
14.453	0.00004123639706443080
14.454	0.00004110285471727740
14.455	0.00004096931237012400
14.456	0.00004083577002297060
14.457	0.00004070222767581730
14.458	0.00004056868532866390
14.459	0.00004043514298151050
14.46	0.00004030160063435710
14.461	0.00004007166108220530
14.462	0.00003984172153005350
14.463	0.00003961178197790170
14.464	0.00003938184242574980
14.465	0.00003915190287359800
14.466	0.00003892196332144620
14.467	0.00003869202376929440
14.468	0.00003846208421714250
14.469	0.00003823214466499070
14.47	0.00003800220511283890
14.471	0.00003787883617207520
14.472	0.00003775546723131150
14.473	0.00003763209829054790
14.474	0.00003750872934978420
14.475	0.00003738536040902050
14.476	0.00003726199146825680
14.477	0.00003713862252749320
14.478	0.00003701525358672950
14.479	0.00003689188464596580
14.48	0.00003676851570520210
14.481	0.00003661473783012840
14.482	0.00003646095995505460
14.483	0.00003630718207998080
14.484	0.00003615340420490710
14.485	0.00003599962632983330
14.486	0.00003584584845475950
14.487	0.00003569207057968580
14.488	0.00003553829270461200
14.489	0.00003538451482953820
14.49	0.00003523073695446450
14.491	0.00003508304523673980
14.492	0.00003493535351901510
14.493	0.00003478766180129040
14.494	0.00003463997008356570
14.495	0.00003449227836584100
14.496	0.00003434458664811630
14.497	0.00003419689493039160
14.498	0.00003404920321266700
14.499	0.00003390151149494230
14.5	0.00003375381977721760
14.501	0.00003358799637458220
14.502	0.00003342217297194680
14.503	0.00003325634956931150
14.504	0.00003309052616667610
14.505	0.00003292470276404070
14.506	0.00003275887936140530
14.507	0.00003259305595876990
14.508	0.00003242723255613460
14.509	0.00003226140915349920
14.51	0.00003209558575086380
14.511	0.00003195978428486330
14.512	0.00003182398281886280
14.513	0.00003168818135286230
14.514	0.00003155237988686180
14.515	0.00003141657842086130
14.516	0.00003128077695486080
14.517	0.00003114497548886030
14.518	0.00003100917402285970
14.519	0.00003087337255685920
14.52	0.00003073757109085870
14.521	0.00003071481953372960
14.522	0.00003069206797660050
14.523	0.00003066931641947140
14.524	0.00003064656486234240
14.525	0.00003062381330521330
14.526	0.00003060106174808420
14.527	0.00003057831019095510
14.528	0.00003055555863382600
14.529	0.00003053280707669690
14.53	0.00003051005551956780
14.531	0.00003040825921685770
14.532	0.00003030646291414770
14.533	0.00003020466661143760
14.534	0.00003010287030872750
14.535	0.00003000107400601740
14.536	0.00002989927770330730
14.537	0.00002979748140059730
14.538	0.00002969568509788720
14.539	0.00002959388879517710
14.54	0.00002949209249246700
14.541	0.00002944233665561420
14.542	0.00002939258081876140
14.543	0.00002934282498190850
14.544	0.00002929306914505570
14.545	0.00002924331330820280
14.546	0.00002919355747135000
14.547	0.00002914380163449720
14.548	0.00002909404579764430
14.549	0.00002904428996079150
14.55	0.00002899453412393860
14.551	0.00002887011102201070
14.552	0.00002874568792008280
14.553	0.00002862126481815490
14.554	0.00002849684171622700
14.555	0.00002837241861429910
14.556	0.00002824799551237120
14.557	0.00002812357241044330
14.558	0.00002799914930851540
14.559	0.00002787472620658750
14.56	0.00002775030310465960
14.561	0.00002770311318259940
14.562	0.00002765592326053910
14.563	0.00002760873333847890
14.564	0.00002756154341641870
14.565	0.00002751435349435850
14.566	0.00002746716357229830
14.567	0.00002741997365023800
14.568	0.00002737278372817780
14.569	0.00002732559380611760
14.57	0.00002727840388405740
14.571	0.00002723193100734500
14.572	0.00002718545813063260
14.573	0.00002713898525392020
14.574	0.00002709251237720780
14.575	0.00002704603950049540
14.576	0.00002699956662378300
14.577	0.00002695309374707070
14.578	0.00002690662087035830
14.579	0.00002686014799364590
14.58	0.00002681367511693350
14.581	0.00002674261046962490
14.582	0.00002667154582231630
14.583	0.00002660048117500780
14.584	0.00002652941652769920
14.585	0.00002645835188039060
14.586	0.00002638728723308200
14.587	0.00002631622258577340
14.588	0.00002624515793846490
14.589	0.00002617409329115630
14.59	0.00002610302864384770
14.591	0.00002610302864384770
14.592	0.00002610302864384770
14.593	0.00002610302864384770
14.594	0.00002610302864384770
14.595	0.00002610302864384770
14.596	0.00002610302864384770
14.597	0.00002610302864384770
14.598	0.00002610302864384770
14.599	0.00002610302864384770
14.6	0.00002610302864384770
14.601	0.00002605829115967360
14.602	0.00002601355367549950
14.603	0.00002596881619132540
14.604	0.00002592407870715130
14.605	0.00002587934122297720
14.606	0.00002583460373880310
14.607	0.00002578986625462900
14.608	0.00002574512877045490
14.609	0.00002570039128628080
14.61	0.00002565565380210670
14.611	0.00002561160266686250
14.612	0.00002556755153161840
14.613	0.00002552350039637430
14.614	0.00002547944926113010
14.615	0.00002543539812588600
14.616	0.00002539134699064190
14.617	0.00002534729585539770
14.618	0.00002530324472015360
14.619	0.00002525919358490950
14.62	0.00002521514244966530
14.621	0.00002512906342830860
14.622	0.00002504298440695180
14.623	0.00002495690538559510
14.624	0.00002487082636423830
14.625	0.00002478474734288160
14.626	0.00002469866832152480
14.627	0.00002461258930016810
14.628	0.00002452651027881130
14.629	0.00002444043125745460
14.63	0.00002435435223609780
14.631	0.00002427091210018310
14.632	0.00002418747196426840
14.633	0.00002410403182835370
14.634	0.00002402059169243900
14.635	0.00002393715155652430
14.636	0.00002385371142060960
14.637	0.00002377027128469490
14.638	0.00002368683114878020
14.639	0.00002360339101286550
14.64	0.00002351995087695080
14.641	0.00002338286440687050
14.642	0.00002324577793679010
14.643	0.00002310869146670980
14.644	0.00002297160499662950
14.645	0.00002283451852654920
14.646	0.00002269743205646880
14.647	0.00002256034558638850
14.648	0.00002242325911630820
14.649	0.00002228617264622790
14.65	0.00002214908617614750
14.651	0.00002202008680253730
14.652	0.00002189108742892700
14.653	0.00002176208805531680
14.654	0.00002163308868170650
14.655	0.00002150408930809630
14.656	0.00002137508993448600
14.657	0.00002124609056087580
14.658	0.00002111709118726550
14.659	0.00002098809181365530
14.66	0.00002085909244004500
14.661	0.00002070318981515440
14.662	0.00002054728719026380
14.663	0.00002039138456537330
14.664	0.00002023548194048270
14.665	0.00002007957931559210
14.666	0.00001992367669070150
14.667	0.00001976777406581090
14.668	0.00001961187144092030
14.669	0.00001945596881602970
14.67	0.00001930006619113910
14.671	0.00001915559012429420
14.672	0.00001901111405744920
14.673	0.00001886663799060430
14.674	0.00001872216192375940
14.675	0.00001857768585691440
14.676	0.00001843320979006950
14.677	0.00001828873372322450
14.678	0.00001814425765637960
14.679	0.00001799978158953470
14.68	0.00001785530552268970
14.681	0.00001772146142441050
14.682	0.00001758761732613120
14.683	0.00001745377322785190
14.684	0.00001731992912957270
14.685	0.00001718608503129340
14.686	0.00001705224093301410
14.687	0.00001691839683473490
14.688	0.00001678455273645560
14.689	0.00001665070863817630
14.69	0.00001651686453989710
14.691	0.00001636550918432570
14.692	0.00001621415382875430
14.693	0.00001606279847318290
14.694	0.00001591144311761150
14.695	0.00001576008776204010
14.696	0.00001560873240646870
14.697	0.00001545737705089730
14.698	0.00001530602169532590
14.699	0.00001515466633975450
14.7	0.00001500331098418310
14.701	0.00001487287659847810
14.702	0.00001474244221277310
14.703	0.00001461200782706810
14.704	0.00001448157344136320
14.705	0.00001435113905565820
14.706	0.00001422070466995320
14.707	0.00001409027028424820
14.708	0.00001395983589854320
14.709	0.00001382940151283830
14.71	0.00001369896712713330
14.711	0.00001357217048087600
14.712	0.00001344537383461870
14.713	0.00001331857718836150
14.714	0.00001319178054210420
14.715	0.00001306498389584690
14.716	0.00001293818724958960
14.717	0.00001281139060333240
14.718	0.00001268459395707510
14.719	0.00001255779731081780
14.72	0.00001243100066456060
14.721	0.00001231560723527490
14.722	0.00001220021380598920
14.723	0.00001208482037670350
14.724	0.00001196942694741780
14.725	0.00001185403351813210
14.726	0.00001173864008884640
14.727	0.00001162324665956070
14.728	0.00001150785323027500
14.729	0.00001139245980098930
14.73	0.00001127706637170360
14.731	0.00001119136635162300
14.732	0.00001110566633154240
14.733	0.00001101996631146170
14.734	0.00001093426629138110
14.735	0.00001084856627130050
14.736	0.00001076286625121990
14.737	0.00001067716623113920
14.738	0.00001059146621105860
14.739	0.00001050576619097800
14.74	0.00001042006617089740
14.741	0.00001034085773832920
14.742	0.00001026164930576110
14.743	0.00001018244087319300
14.744	0.00001010323244062490
14.745	0.00001002402400805680
14.746	0.00000994481557548865
14.747	0.00000986560714292053
14.748	0.00000978639871035241
14.749	0.00000970719027778429
14.75	0.00000962798184521617
14.751	0.00000955478755914490
14.752	0.00000948159327307363
14.753	0.00000940839898700236
14.754	0.00000933520470093109
14.755	0.00000926201041485982
14.756	0.00000918881612878855
14.757	0.00000911562184271728
14.758	0.00000904242755664600
14.759	0.00000896923327057473
14.76	0.00000889603898450346
14.761	0.00000882841424244823
14.762	0.00000876078950039300
14.763	0.00000869316475833777
14.764	0.00000862554001628254
14.765	0.00000855791527422731
14.766	0.00000849029053217208
14.767	0.00000842266579011686
14.768	0.00000835504104806162
14.769	0.00000828741630600640
14.77	0.00000821979156395117
14.771	0.00000814523218443052
14.772	0.00000807067280490988
14.773	0.00000799611342538923
14.774	0.00000792155404586859
14.775	0.00000784699466634794
14.776	0.00000777243528682730
14.777	0.00000769787590730665
14.778	0.00000762331652778601
14.779	0.00000754875714826536
14.78	0.00000747419776874472
14.781	0.00000740805885592980
14.782	0.00000734191994311488
14.783	0.00000727578103029996
14.784	0.00000720964211748504
14.785	0.00000714350320467011
14.786	0.00000707736429185519
14.787	0.00000701122537904027
14.788	0.00000694508646622535
14.789	0.00000687894755341043
14.79	0.00000681280864059551
14.791	0.00000676211563934367
14.792	0.00000671142263809183
14.793	0.00000666072963683999
14.794	0.00000661003663558815
14.795	0.00000655934363433631
14.796	0.00000650865063308447
14.797	0.00000645795763183263
14.798	0.00000640726463058079
14.799	0.00000635657162932895
14.8	0.00000630587862807711
14.801	0.00000627016072271711
14.802	0.00000623444281735711
14.803	0.00000619872491199710
14.804	0.00000616300700663710
14.805	0.00000612728910127710
14.806	0.00000609157119591710
14.807	0.00000605585329055710
14.808	0.00000602013538519710
14.809	0.00000598441747983709
14.81	0.00000594869957447709
14.811	0.00000591485201392065
14.812	0.00000588100445336422
14.813	0.00000584715689280778
14.814	0.00000581330933225134
14.815	0.00000577946177169490
14.816	0.00000574561421113847
14.817	0.00000571176665058203
14.818	0.00000567791909002559
14.819	0.00000564407152946916
14.82	0.00000561022396891272
14.821	0.00000557815838693972
14.822	0.00000554609280496672
14.823	0.00000551402722299373
14.824	0.00000548196164102073
14.825	0.00000544989605904773
14.826	0.00000541783047707474
14.827	0.00000538576489510174
14.828	0.00000535369931312874
14.829	0.00000532163373115575
14.83	0.00000528956814918275
14.831	0.00000526075684192268
14.832	0.00000523194553466262
14.833	0.00000520313422740255
14.834	0.00000517432292014249
14.835	0.00000514551161288242
14.836	0.00000511670030562235
14.837	0.00000508788899836229
14.838	0.00000505907769110222
14.839	0.00000503026638384216
14.84	0.00000500145507658209
14.841	0.00000497417435714408
14.842	0.00000494689363770606
14.843	0.00000491961291826805
14.844	0.00000489233219883003
14.845	0.00000486505147939202
14.846	0.00000483777075995401
14.847	0.00000481049004051599
14.848	0.00000478320932107798
14.849	0.00000475592860163997
14.85	0.00000472864788220195
14.851	0.00000470866235426646
14.852	0.00000468867682633096
14.853	0.00000466869129839547
14.854	0.00000464870577045997
14.855	0.00000462872024252448
14.856	0.00000460873471458898
14.857	0.00000458874918665349
14.858	0.00000456876365871799
14.859	0.00000454877813078250
14.86	0.00000452879260284700
14.861	0.00000451106942021446
14.862	0.00000449334623758193
14.863	0.00000447562305494940
14.864	0.00000445789987231686
14.865	0.00000444017668968433
14.866	0.00000442245350705179
14.867	0.00000440473032441926
14.868	0.00000438700714178672
14.869	0.00000436928395915419
14.87	0.00000435156077652165
14.871	0.00000433327527698406
14.872	0.00000431498977744648
14.873	0.00000429670427790889
14.874	0.00000427841877837130
14.875	0.00000426013327883371
14.876	0.00000424184777929613
14.877	0.00000422356227975854
14.878	0.00000420527678022095
14.879	0.00000418699128068337
14.88	0.00000416870578114578
14.881	0.00000414434666489039
14.882	0.00000411998754863499
14.883	0.00000409562843237960
14.884	0.00000407126931612421
14.885	0.00000404691019986882
14.886	0.00000402255108361342
14.887	0.00000399819196735803
14.888	0.00000397383285110264
14.889	0.00000394947373484725
14.89	0.00000392511461859185
14.891	0.00000390207897470107
14.892	0.00000387904333081029
14.893	0.00000385600768691951
14.894	0.00000383297204302873
14.895	0.00000380993639913795
14.896	0.00000378690075524717
14.897	0.00000376386511135638
14.898	0.00000374082946746560
14.899	0.00000371779382357482
14.9	0.00000369475817968404
14.901	0.00000367298052208149
14.902	0.00000365120286447894
14.903	0.00000362942520687639
14.904	0.00000360764754927384
14.905	0.00000358586989167129
14.906	0.00000356409223406874
14.907	0.00000354231457646619
14.908	0.00000352053691886364
14.909	0.00000349875926126109
14.91	0.00000347698160365854
14.911	0.00000346238374817746
14.912	0.00000344778589269638
14.913	0.00000343318803721531
14.914	0.00000341859018173423
14.915	0.00000340399232625315
14.916	0.00000338939447077208
14.917	0.00000337479661529100
14.918	0.00000336019875980992
14.919	0.00000334560090432885
14.92	0.00000333100304884777
14.921	0.00000331069114502276
14.922	0.00000329037924119776
14.923	0.00000327006733737275
14.924	0.00000324975543354774
14.925	0.00000322944352972273
14.926	0.00000320913162589773
14.927	0.00000318881972207272
14.928	0.00000316850781824771
14.929	0.00000314819591442271
14.93	0.00000312788401059770
14.931	0.00000310928665327256
14.932	0.00000309068929594741
14.933	0.00000307209193862226
14.934	0.00000305349458129712
14.935	0.00000303489722397197
14.936	0.00000301629986664683
14.937	0.00000299770250932168
14.938	0.00000297910515199654
14.939	0.00000296050779467139
14.94	0.00000294191043734625
14.941	0.00000292434473697933
14.942	0.00000290677903661242
14.943	0.00000288921333624550
14.944	0.00000287164763587859
14.945	0.00000285408193551167
14.946	0.00000283651623514476
14.947	0.00000281895053477785
14.948	0.00000280138483441093
14.949	0.00000278381913404402
14.95	0.00000276625343367710
14.951	0.00000274434706761166
14.952	0.00000272244070154622
14.953	0.00000270053433548079
14.954	0.00000267862796941535
14.955	0.00000265672160334991
14.956	0.00000263481523728447
14.957	0.00000261290887121903
14.958	0.00000259100250515359
14.959	0.00000256909613908815
14.96	0.00000254718977302271
14.961	0.00000252238826930857
14.962	0.00000249758676559444
14.963	0.00000247278526188031
14.964	0.00000244798375816617
14.965	0.00000242318225445204
14.966	0.00000239838075073790
14.967	0.00000237357924702377
14.968	0.00000234877774330963
14.969	0.00000232397623959550
14.97	0.00000229917473588137
14.971	0.00000228071569570986
14.972	0.00000226225665553835
14.973	0.00000224379761536685
14.974	0.00000222533857519534
14.975	0.00000220687953502383
14.976	0.00000218842049485233
14.977	0.00000216996145468082
14.978	0.00000215150241450932
14.979	0.00000213304337433781
14.98	0.00000211458433416630
14.981	0.00000209751500561932
14.982	0.00000208044567707233
14.983	0.00000206337634852534
14.984	0.00000204630701997835
14.985	0.00000202923769143136
14.986	0.00000201216836288437
14.987	0.00000199509903433738
14.988	0.00000197802970579039
14.989	0.00000196096037724340
14.99	0.00000194389104869642
14.991	0.00000192436220599081
14.992	0.00000190483336328521
14.993	0.00000188530452057961
14.994	0.00000186577567787401
14.995	0.00000184624683516840
14.996	0.00000182671799246280
14.997	0.00000180718914975720
14.998	0.00000178766030705160
14.999	0.00000176813146434599
15	0.00000174860262164039
15.001	0.00000173764014222140
15.002	0.00000172667766280240
15.003	0.00000171571518338341
15.004	0.00000170475270396441
15.005	0.00000169379022454541
15.006	0.00000168282774512642
15.007	0.00000167186526570742
15.008	0.00000166090278628843
15.009	0.00000164994030686943
15.01	0.00000163897782745044
15.011	0.00000162236120725027
15.012	0.00000160574458705010
15.013	0.00000158912796684994
15.014	0.00000157251134664977
15.015	0.00000155589472644960
15.016	0.00000153927810624943
15.017	0.00000152266148604926
15.018	0.00000150604486584910
15.019	0.00000148942824564893
15.02	0.00000147281162544876
15.021	0.00000145778235588178
15.022	0.00000144275308631479
15.023	0.00000142772381674781
15.024	0.00000141269454718082
15.025	0.00000139766527761384
15.026	0.00000138263600804685
15.027	0.00000136760673847987
15.028	0.00000135257746891288
15.029	0.00000133754819934590
15.03	0.00000132251892977891
15.031	0.00000130638158654534
15.032	0.00000129024424331177
15.033	0.00000127410690007819
15.034	0.00000125796955684462
15.035	0.00000124183221361105
15.036	0.00000122569487037747
15.037	0.00000120955752714390
15.038	0.00000119342018391033
15.039	0.00000117728284067675
15.04	0.00000116114549744318
15.041	0.00000114686971238059
15.042	0.00000113259392731800
15.043	0.00000111831814225541
15.044	0.00000110404235719282
15.045	0.00000108976657213023
15.046	0.00000107549078706764
15.047	0.00000106121500200506
15.048	0.00000104693921694247
15.049	0.00000103266343187988
15.05	0.00000101838764681729
15.051	0.00000100381910132563
