-17.648	14.99697586617852	15.109466730221014	15.228809251543817	15.351661249500241	15.473635560733499	15.22946749415132	0.1215405527821637
-17.598	14.995301911126548	15.109466730221014	15.22875339905633	15.351573316364409	15.473635560733499	15.229410506336572	0.12155389928335379
-17.548	14.994722547685855	15.107922739248115	15.228520376485367	15.351305205605508	15.473635560733499	15.22895421390981	0.12184225088780354
-17.498	14.985807728460596	15.105672603661542	15.226310782388925	15.350093240855426	15.473635560733499	15.227096933067044	0.12302484026269109
-17.448	14.969497456343442	15.095401591191314	15.222068511455646	15.347219048109613	15.470080853443386	15.220396378815787	0.127932174516683
-17.398	14.90687782044178	15.06370123341599	15.209007144183177	15.339213139557566	15.462174876562491	15.201091616606174	0.14087282835318007
-17.348	14.793342063771975	14.988708040930964	15.17009932069266	15.310662833463367	15.437044042409251	15.153542983860936	0.16444759441273113
-17.298	14.673127701711024	14.872744066579612	15.083955595165921	15.25924003145584	15.396657037081152	15.06917322701129	0.19086618061608404
-17.248	14.548988988055982	14.744582637547733	14.959723994741651	15.173033014748151	15.358168561480847	14.958556684564156	0.21036701505073638
-17.198	14.426818405909676	14.616461090688759	14.826892422257645	15.048056371313416	15.285204696808298	14.83255320680375	0.21891559783779904
-17.148	14.301292024390458	14.486253579190624	14.691870618889386	14.9092742761344	15.170626734635285	14.699654848049923	0.21906264592415597
-17.098	14.170318363626128	14.35531393074981	14.55585788497914	14.768179082813804	15.020860959231797	14.563648169545306	0.21370722543023568
-17.048	14.04097562377936	14.224913492565536	14.421644979303654	14.625398633195399	14.8654300649711	14.427106133818286	0.20767424077685
-16.998	13.909111848730419	14.09348352113594	14.284800586150471	14.484705033396695	14.712998443674277	14.290564098091362	0.20250124471623485
-16.948	13.778953126186517	13.960296120542212	14.148170578165221	14.345280736472882	14.561561097495513	14.154022062364445	0.19825556660341218
-16.898	13.643456990534109	13.8259953415997	14.013857713076217	14.206612325249369	14.413665505118715	14.01748002663747	0.1949977872056181
-16.848	13.505765783809805	13.691135141197007	13.877906364316019	14.069045480638135	14.265325908735944	13.880937990910496	0.19277799690101377
-16.798	13.36488130013503	13.553390316719442	13.742923822885851	13.932318335330107	14.122698564586155	13.744395955183556	0.19163227001598399
-16.748	13.224642946051231	13.418028518520469	13.606670502304501	13.79810795266941	13.982253206632636	13.607853919456588	0.1915798775498683
-16.698	13.081960225420815	13.282005073043162	13.47266248002783	13.661682953594863	13.84114868123618	13.471311883729642	0.19262171165473133
-16.648	12.935293967138273	13.143455215686664	13.33809286538149	13.529459014376764	13.703908305880946	13.334769848002674	0.19474021122461202
-16.598	12.788481581386598	13.004823320570427	13.20235877033981	13.397080370235734	13.571987382750606	13.198227812275771	0.1979008026336588
-16.548	12.640188228858346	12.864188324324735	13.06945310231412	13.26490470113897	13.442477721467373	13.06168577654875	0.2020545897685048
-16.498	12.49149360068107	12.723092323813097	12.935174167466432	13.132958281114018	13.308968961961517	12.925143740821877	0.20714183198529168
-16.448	12.336854096690791	12.578489388622602	12.799174868001092	13.002131390718848	13.177698222461956	12.78860170509487	0.21309568653109554
-16.398	12.182022000617682	12.437928497773548	12.663521983383848	12.871471590339569	13.052792290281241	12.652059669367928	0.2198457559888918
-16.348	12.029498219716794	12.294597790940747	12.527671454314085	12.741844370313	12.929039791492544	12.515517633640957	0.22732112304563296
-16.298	11.869914230288423	12.150410634016648	12.390707148958391	12.612353724182993	12.804564450933922	12.378975597913959	0.2354527156083785
-16.248	11.712336143851893	12.005799456602874	12.254975902384851	12.484498186167032	12.683511505623779	12.242007483231664	0.24592251859577502
-16.198	11.52960009062484	11.859531555531586	12.118175338041311	12.358256534189179	12.563233200024941	12.093935843123345	0.3447641841783015
-16.148	10.803743981691957	11.71031341553683	11.982545074128668	12.233292109784669	12.439154145974731	11.910481395919437	0.6107248672483557
-16.098	9.428531972673655	11.519543765804336	11.847790716296846	12.107024287215598	12.32110440242492	11.651101224944119	0.9949041304858043
-16.048	6.376159797154618	10.671189476657423	11.704762169562805	11.979326721159671	12.199274102759905	11.195756716452125	1.6572674343980465
-15.998	1.2179455838607893	9.395406595373052	11.50286754805385	11.85241318590338	12.084368309965377	10.521137438469891	2.334352477803695
-15.948	0.21781511780159368	7.729637925282186	10.612889422122059	11.718239518789842	11.96406986480027	9.60640583110098	2.9126268428939577
-15.898	-0.019503961456542058	5.642342509944913	9.582206579088071	11.51405750883284	11.845073177239488	8.530302683579661	3.334445144072245
-15.848	-0.18511723790692738	3.1924461942330042	8.472437814554826	10.60691815644735	11.71025733125355	7.392965894085879	3.5589165799047024
-15.798	-0.3154462537031792	0.6806868175165325	7.351031833185655	9.725324881210534	11.398756300319524	6.296615057008069	3.60431581786077
-15.748	-0.42816750635935585	0.26237484152653906	6.206253690905465	8.920242224890606	10.448964773767168	5.3145501535913775	3.535229274697087
-15.698	-0.541081798751436	0.07325925388462223	5.079658764621983	8.143420356976938	9.806132802354835	4.4573709775618715	3.4142533241081456
-15.648	-0.6465640198758281	-0.06817975721830431	3.9676684047322297	7.459003225116969	9.282929629387295	3.7166587421557837	3.272418773127298
-15.598	-0.7407848385204107	-0.1985259565614415	2.862019021330989	6.779674979528503	8.81571206815063	3.0835749269336574	3.104366571246737
-15.548	-0.8492935225484094	-0.3039027558348464	1.72234345429648	6.068864449080172	8.374619996601472	2.5353086768230666	2.921951048202701
-15.498	-0.9613741998886008	-0.4156723254842055	0.7117910148871569	5.381171831535172	7.959660450334638	2.0526089807012555	2.7396407376086627
-15.448	-1.082827637946817	-0.5250895914675524	0.30820239728768556	4.694565309632099	7.5398470459188225	1.6284760434605707	2.5620096906217773
-15.398	-1.211989731642613	-0.6348825195378738	0.1305437092977706	4.033730100925905	7.129370651548452	1.2595416118257428	2.3895142301610903
-15.348	-1.3363892505772526	-0.7492928157474296	-0.017456308125895492	3.366137291555765	6.748135216714454	0.9361921642804073	2.226753674798933
-15.298	-1.463002811536863	-0.8639438519073542	-0.15306351449279365	2.725934679370369	6.360785819578748	0.652761749258883	2.075908337753238
-15.248	-1.5894271866511163	-0.9785463896122368	-0.2711791943983709	2.0561527830918047	5.971745231714986	0.4037496115992099	1.93723008148515
-15.198	-1.713009316846707	-1.0946639218878227	-0.38645528817362373	1.3871416976180293	5.585892070336476	0.18172913824341969	1.811420452086053
-15.148	-1.8446264648179906	-1.2101310564249883	-0.506871213636539	0.7731473402554956	5.186923414331664	-0.01931945203622542	1.6977534548828288
-15.098	-1.9710539698221454	-1.3286321580713822	-0.6230632348678877	0.4574860679814708	4.806023799784951	-0.20471240468568452	1.59497748323938
-15.048	-2.104365891173434	-1.4519379137700261	-0.7420100482003074	0.24781320770983037	4.419121932333276	-0.3801990982849713	1.5015664063473486
-14.998	-2.2438880883379064	-1.5695339729138347	-0.8562013667073255	0.08673282152392936	4.031392052017694	-0.5483961677040199	1.4175603006462574
-14.948	-2.3706049686724042	-1.6935450385675268	-0.9758987234549407	-0.07564318103739794	3.6082365998908124	-0.7105983746763981	1.3425309429065662
-14.898	-2.516213072411707	-1.8287748991642372	-1.0939948282552647	-0.21417315919274635	3.224913711025671	-0.8682792235533695	1.275701056812592
-14.848	-2.669138409676177	-1.957325443143075	-1.2161223663056717	-0.33182714972208643	2.8362970964150893	-1.0216166271860898	1.217565251860331
-14.798	-2.823386079983446	-2.0927842267731345	-1.340581546557901	-0.4556244947842596	2.457694633292811	-1.1712717993633845	1.1678722142235054
-14.748	-2.9905074246830594	-2.2373168502560468	-1.4604779722871113	-0.5793522773401769	2.094150980978838	-1.3179352080541353	1.1259798452189544
-14.698	-3.1524469417416503	-2.369228994980455	-1.5805120204442347	-0.7115650595804188	1.7069970509625938	-1.4623479037436815	1.0910982712202966
-14.648	-3.315503067707595	-2.5124333825070515	-1.7020512796040972	-0.8305715421162929	1.3227202736001755	-1.6046807419916114	1.0623660759813114
-14.598	-3.4793615305952796	-2.648845288691489	-1.825896797384393	-0.9427851927005367	0.9464592582240153	-1.7454383334767198	1.039455253581233
-14.548	-3.638164880411236	-2.788333756641878	-1.950741444831444	-1.0577665556316105	0.5696585949301973	-1.8852407574587662	1.0214261420627413
-14.498	-3.8111373489360005	-2.938965392050727	-2.0747556154590896	-1.1789679981715224	0.2436105917633978	-2.023952252992858	1.0079979060678437
-14.448	-3.9861959497431685	-3.0789095530867	-2.197842295271025	-1.2881701349020003	0.009905167303195834	-2.1612580881019383	0.9987087450189147
-14.398	-4.158954966504708	-3.2136624190191205	-2.3263134634570486	-1.4158103434508813	-0.22738998612691597	-2.2974067621902097	0.992466762907969
-14.348	-4.333409350147669	-3.3570505784781277	-2.450970814792643	-1.5310817833538344	-0.4262326662344474	-2.4326383393500346	0.9896049781398066
-14.298	-4.484061310075098	-3.506229191148709	-2.569475232659226	-1.6482894813560316	-0.6133338125715074	-2.56834516498768	0.9904900125787982
-14.248	-4.639107477822136	-3.6628638192845564	-2.6915337888982642	-1.7563805047080037	-0.7642974335404366	-2.7022934755050634	0.9952384652069122
-14.198	-4.802252889035868	-3.812462467069546	-2.814581270657611	-1.8736111276051999	-0.8977554697114214	-2.8348831352622055	1.0015623277755803
-14.148	-4.9499592337948695	-3.950493217655671	-2.937692863576271	-1.9755009798829803	-1.0202588715545575	-2.9650562829630505	1.008439609907916
-14.098	-5.1058260137238305	-4.0924389782347355	-3.0680873985927892	-2.088269429712492	-1.1500688577494838	-3.09037313822488	1.0159613176912063
-14.048	-5.245031833929028	-4.217184455053678	-3.176612040578048	-2.187964457491498	-1.2361639369860653	-3.201718452061873	1.0222523469150864
-13.998	-5.340886656775953	-4.2992859942405985	-3.2739263871250985	-2.2734970110236614	-1.306400945807684	-3.295128901173077	1.0268194308954004
-13.948	-5.429522952134443	-4.388606909258725	-3.346728478996637	-2.342755953572278	-1.3669724516107207	-3.3666125098425574	1.0293777068393228
-13.898	-5.488935023014936	-4.433529394774771	-3.410450442097856	-2.3832412704614416	-1.4257934787813935	-3.4085795943313295	1.0310641441832842
-13.848	-5.509070435781916	-4.433228474521855	-3.4178801484185524	-2.389676919316458	-1.4240857146683927	-3.42115859752938	1.036377777294492
-13.798	-5.490564633386869	-4.416432935936317	-3.387835486095949	-2.368327098906756	-1.4034012750934677	-3.404095217037276	1.04469434992851
-13.748	-5.457584872939712	-4.382894902425975	-3.3232657515194726	-2.2999515128909143	-1.362629697738382	-3.350522455097725	1.0523638784689033
-13.698	-5.398477180908562	-4.3156999873642095	-3.22556482517164	-2.209220226473523	-1.259238528296331	-3.2591966282312943	1.0575819369631259
-13.648	-5.29344703497399	-4.221589035794664	-3.090516804643321	-2.074667812577702	-1.1739188610593583	-3.1352086868468403	1.0632999621360701
-13.598	-5.131106985778203	-4.044861615995397	-2.9230431435537634	-1.918514965408136	-1.0666127953849365	-2.974211482684103	1.0574012564725062
-13.548	-4.95259027659817	-3.8283697219030812	-2.7126771546943376	-1.7446805653356576	-0.9497356446230768	-2.7802869234091223	1.0351305290275739
-13.498	-4.74723096414004	-3.5649174132562393	-2.4899892257443845	-1.5674257224173958	-0.8114840763992391	-2.5662143677305824	1.0040839097393954
-13.448	-4.427127046839831	-3.278981469831427	-2.256829330235583	-1.397953936582453	-0.6441787836865036	-2.33538325052569	0.9581171309102615
-13.398	-4.059714997900233	-2.9919390949408844	-2.0306914881979834	-1.2146329690477646	-0.4873833886765107	-2.0971339277180028	0.9117342260825823
-13.348	-3.7266945426787257	-2.7044417882915726	-1.8014110223741684	-1.0230355380918221	-0.28187114123893003	-1.8562748694242939	0.8715266609616761
-13.298	-3.3781472384747158	-2.421837942242625	-1.5737887866207636	-0.8216871368475333	-0.03210491434668679	-1.6150863539659897	0.8371734624949376
-13.248	-3.026190021976725	-2.1572962207792554	-1.3528686899036515	-0.6157787790366346	0.2250100464159346	-1.3741849694125434	0.811298696850268
-13.198	-2.726648138090434	-1.895055528115406	-1.128618367287841	-0.40401108775957173	0.5589253822183482	-1.134153423213492	0.7962073463128946
-13.148	-2.42685281070957	-1.6460942315290898	-0.9051249752248167	-0.18710960787559752	0.9318639911106787	-0.8940352068192432	0.7939366130003968
-13.098	-2.1325635841094583	-1.4061324629287655	-0.6805823818730496	0.04109941848368374	1.295122664491386	-0.6519262788979396	0.8068676818010408
-13.048	-1.8560401101411612	-1.167071100161167	-0.4680584879298767	0.30675371784428596	1.6519301425640318	-0.40373467272696073	0.8391083966404769
-12.998	-1.5897826672206732	-0.9394011646975279	-0.2539256948364063	0.6629811663662065	2.1163349424945057	-0.13926539941176833	0.8967831341099293
-12.948	-1.3552379481331167	-0.730016783499505	-0.03186813322867765	1.1275506323357853	2.5308160489173113	0.15317846922958095	0.9834817853987334
-12.898	-1.1519876055043268	-0.5311689439615668	0.22547110167479634	1.6520825415212044	3.024385199862983	0.4841243553890242	1.0981938798302553
-12.848	-0.9546310371148549	-0.3212901376501734	0.5807920054458914	2.21389326295001	3.6027347527751172	0.8637886833445552	1.234664147039732
-12.798	-0.7785912764405233	-0.09936312506061598	1.1322887565740403	2.803966438379856	4.254690334404899	1.3092677483395148	1.3832763821438099
-12.748	-0.5990225421094226	0.17257931491904163	1.784841101405223	3.4674834502702	5.014805958668439	1.8455099649667053	1.5348110864986284
-12.698	-0.37997937239809176	0.658889132899732	2.450671918939773	4.224448151645925	6.009641517501126	2.487848646922544	1.6829234960989503
-12.648	-0.20707345780918265	1.3978313747100475	3.132140084236822	5.044417103884427	6.5774193099011935	3.1708029496435137	1.7801527057606783
-12.598	0.0026340669087212445	1.9953835094307777	3.7940267159327172	5.906103527763764	6.747316472954452	3.803751532433882	1.8006520852027432
-12.548	0.46974438284166853	2.5684114506439344	4.452765572836233	6.3468990328353865	6.845681474911533	4.374604015829649	1.741376936561538
-12.498	1.2741719019998783	3.122102925069188	5.105673463928573	6.477516061138346	6.904303742063598	4.841606463225609	1.6247318522642853
-12.448	1.9709176312383092	3.6734183811956806	5.753384478634441	6.569728069727878	6.929347625398552	5.225566472531858	1.4712741577003778
-12.398	2.5773591885838534	4.17104478633295	6.064434179353936	6.6289791511171225	6.960606243411356	5.5294993318991	1.287504232581588
-12.348	3.106364217050768	4.625298727145145	6.202362949446687	6.653088162926158	6.966767897582233	5.768522490099789	1.1092425223380147
-12.298	3.53583238155729	5.073481838703602	6.2816406931687965	6.668965776153406	6.974290671587413	5.955447552876986	0.957116377076757
-12.248	3.8966113950288586	5.511782205893671	6.332681805199909	6.684326609316928	6.9891907854982485	6.09971592806356	0.8209260453991049
-12.198	4.266471484816966	5.815486426684159	6.364545538366402	6.698020528833284	6.992861640619647	6.20406943017297	0.7010427828088759
-12.148	4.6343847094442765	5.943470513811002	6.385048388798527	6.70073051027193	7.004220594221666	6.278325709463496	0.5647936431320633
-12.098	4.939065132738161	5.982294936255904	6.39511177032694	6.704563053347087	6.999289670929279	6.315374086097936	0.4891124102792857
-12.048	5.204107822959808	5.981571249035585	6.395811915410473	6.705193837647959	6.987586922531454	6.326882103803051	0.4465939438175287
-11.998	5.27888045204176	5.967382111284302	6.386789637757718	6.697946514331628	6.975230595795394	6.320797788601686	0.4287027708160087
-11.948	5.264945775282548	5.921740343056597	6.371344402269138	6.690083246237111	6.971454743391212	6.302574290996632	0.43828176571889116
-11.898	5.156387987818184	5.86831074040809	6.354507465973482	6.682370894489304	6.9621647493327465	6.274745158581916	0.46567518003746
-11.848	5.002942435653232	5.784842596284714	6.33479718815092	6.671566704702455	6.962575515516113	6.235084466988277	0.5128129141844235
-11.798	4.8330731551271535	5.667481871118968	6.306343703133435	6.663576157266678	6.957715719259433	6.185925630857201	0.5651053797084394
-11.748	4.66450078682323	5.535681329810402	6.278608514410808	6.654984582289168	6.963968187313534	6.126400942914594	0.6239045446537769
-11.698	4.44215108826157	5.393170214648311	6.223148893987991	6.641358179674771	6.972662770834176	6.053145669279788	0.6881504507062467
-11.648	4.195414904378887	5.236489315907005	6.160790233575357	6.621049333478867	6.972478235145552	5.965301746351372	0.7536456339781973
-11.598	3.8889509473934214	5.050796006993087	6.062599449724373	6.593739586559384	6.9636340120964775	5.858246233951321	0.8258297825110531
-11.548	3.5609313710715176	4.871504113641049	5.922600296260704	6.55480270254049	6.9429584058768	5.729340263189916	0.9000959170928776
-11.498	3.234264967049872	4.662868855789763	5.757123202669235	6.489672909269457	6.913114767057353	5.582300393138371	0.9686383124151193
-11.448	2.905722561212256	4.4461556946577785	5.571489712952271	6.421731925349007	6.862467261218043	5.414888992346709	1.0336528603517585
-11.398	2.5728891475791404	4.209401483859384	5.367738174098656	6.311981699726238	6.820349141595114	5.223330149467866	1.0967218517072292
-11.348	2.22117391820456	3.912994209859284	5.139098427464926	6.136019206271992	6.74385537238137	4.998619293476736	1.1552738793515884
-11.298	1.8912912949913279	3.5371803145195724	4.890428236964096	5.89893880200105	6.6328062268417005	4.738102028852041	1.207533496688014
-11.248	1.544028722398399	3.1414507197361963	4.657601500813918	5.640480084618192	6.392925809239808	4.435790240954569	1.2595945103021682
-11.198	1.0812629933704336	2.6407678478627497	4.334671306882399	5.385643454978427	6.089453137678078	4.088967139218397	1.3483124203306251
-11.148	0.26314710034999	2.021370804437853	3.9445730337577505	5.1869348128713675	5.920167361065353	3.6749185026520386	1.518024974570461
-11.098	-0.4709466384539056	1.3416073399708972	3.4600269195518925	4.975462961629463	5.772962780632555	3.1907528428864618	1.7208973576870892
-11.048	-0.9284962258170828	0.6213910733875525	2.7599442554296396	4.755889759449313	5.64888779757373	2.68455472003843	1.8816448499645273
-10.998	-1.2601912394063062	0.009304021773798908	2.0846535769184937	4.53440609937221	5.51947987270078	2.2063444936991754	1.9927627593910031
-10.948	-1.5248472132753597	-0.428437607697486	1.4442087136619097	4.286648557443219	5.370122851212248	1.7465272604977196	2.0446875478097337
-10.898	-1.7383008067057168	-0.7546146373128997	0.8152991470931685	3.886721749563091	5.1920630374150365	1.2567277098006409	2.024544548181728
-10.848	-1.9488469214524988	-1.0509020970714162	0.1967959814723586	3.0280443909014854	4.882467435464502	0.6895628447992118	1.8991600947176743
-10.798	-2.1524492082645015	-1.3223272377807223	-0.3050058128000934	1.4339455640006429	4.478430052582903	0.08723816731407916	1.6647134300550988
-10.748	-2.370396477267061	-1.5777433009711976	-0.6774677587396625	0.5246545743647192	3.753690784028622	-0.4500585616774973	1.3578207115809817
-10.698	-2.555541532535508	-1.8150962233475325	-0.9991551915585876	0.002990340496829809	1.7604099360249854	-0.8656311446987529	1.1175923660167313
-10.648	-2.756892804767134	-2.0617570660814795	-1.2942108556934784	-0.40935047347218456	0.7599189717179785	-1.2157051146565976	0.9446954241653128
-10.598	-2.995846585983487	-2.319506924182006	-1.584693588397868	-0.7721006143935799	0.12378926554412127	-1.5531999570008825	0.7874105805602031
-10.548	-3.2419977682400707	-2.5876780594471973	-1.8795129670658595	-1.1137728837697949	-0.30268872592932966	-1.857232398522586	0.7489018784918723
-10.498	-3.545092173741704	-2.872463261369129	-2.177811120140546	-1.4427759639649114	-0.6835739236913305	-2.1612648400442995	0.7268794830854535
-10.448	-3.851658032080766	-3.164678758253211	-2.482236621158981	-1.7412663964588435	-1.0044058403707967	-2.465061643454001	0.7221491650246276
-10.398	-4.19713938981984	-3.4844250069826948	-2.783228961126728	-2.0336076547334243	-1.3180069825176262	-2.7679179852319846	0.7335224264625859
-10.348	-4.5262647990490885	-3.807226556694356	-3.0756040814047694	-2.3061593784856855	-1.5726900700677036	-3.0644364894852103	0.7531004207465557
-10.298	-4.881336816479024	-4.119210555856662	-3.3579535149115483	-2.5566709768052336	-1.7890783003048387	-3.350742278063815	0.7806371463394476
-10.248	-5.242440337445723	-4.4259853860753475	-3.6357458030152934	-2.78790470357844	-2.009237382276277	-3.6215803302994387	0.8180918843600541
-10.198	-5.3458920204872555	-4.553517709749046	-3.7680553236272587	-2.9282150613093947	-2.1346956572319393	-3.755346272289417	0.8145593421171996
-10.148	-5.201323665273779	-4.429505789488309	-3.690306013474263	-2.9289969308412496	-2.161955526942259	-3.6866154680046765	0.7610895534154463
-10.098	-4.995600766818123	-4.277080717301888	-3.5855191636337382	-2.865861450439869	-2.17872488487855	-3.5779614817885013	0.7124232309313099
-10.048	-4.828549985866939	-4.1383735811935285	-3.461156850531559	-2.778268318850407	-2.145373095490388	-3.462879370832717	0.6836756528195835
-9.998	-4.677828501789128	-3.98056663010597	-3.3228813392038665	-2.677613705856802	-2.0836812508451077	-3.334616004928101	0.66575924478162
-9.948	-4.539754000049063	-3.8043825387759203	-3.1708196195374123	-2.5635493780572145	-1.9968102161982526	-3.189781992205869	0.6461687334851446
-9.898	-4.299972426497487	-3.607156064212018	-3.0064206173405243	-2.431405592596791	-1.8888039992380334	-3.027759487777876	0.6125259065821306
-9.848	-4.043924203499144	-3.413930095001544	-2.8472364413584446	-2.296539314943488	-1.7697073793537808	-2.8635970821941674	0.5809236958057907
-9.798	-3.824790782303372	-3.229946578629346	-2.689622731495085	-2.155992607085444	-1.648004034790013	-2.6994346766104624	0.5561477231068425
-9.748	-3.6191769277019037	-3.048269319435177	-2.5311549308214483	-2.003991420018287	-1.5102755272495123	-2.5352722710267463	0.5391399029371311
-9.698	-3.4276747544557593	-2.8850985520312067	-2.3646610954712948	-1.8465512300782616	-1.3564841156430312	-2.3711098654430547	0.5306476942520922
-9.648	-3.2767402062722706	-2.7238817234390953	-2.199884116985176	-1.6718997625112801	-1.201935319630224	-2.206947459859335	0.531079759871276
-9.598	-3.1208223154174752	-2.577533041352621	-2.041286942846524	-1.4910336617500712	-1.010466914781844	-2.0427850542756323	0.5404146951450066
-9.548	-2.9892290547192113	-2.4349391326192875	-1.880354895869789	-1.3129551973788656	-0.8052000533571286	-1.8786226486919164	0.5582060278842194
-9.498	-2.8698608837457176	-2.292618732135617	-1.718055980363029	-1.120739898109003	-0.584623479280062	-1.7144243823204424	0.5836680948092847
-9.448	-2.740232195027084	-2.151784692783293	-1.5525406550761134	-0.9326421920944866	-0.350069049588151	-1.548083975743683	0.6147595009441775
-9.398	-2.6394604169452514	-2.009797968687472	-1.3697355737009507	-0.7165729906804975	-0.10597183355429074	-1.367129561042165	0.6447088777163043
-9.348	-2.500564143140995	-1.831436879518343	-1.1578571934963988	-0.4865899394994459	0.12251961198016176	-1.160650241835346	0.67034363878023
-9.298	-2.295586541313862	-1.623783316529734	-0.9063741002819542	-0.24130586651293165	0.35154684533012015	-0.9235961803828834	0.6839936184797591
-9.248	-2.049640641078501	-1.354142483417889	-0.6451586056658217	0.014263558971359225	0.6173194612160343	-0.6623792230398952	0.6853900693629477
-9.198	-1.795122331235895	-1.0866466964601922	-0.38074139532107665	0.28321307420829556	0.9126288071441706	-0.3947340492145782	0.6881851315237378
-9.148	-1.5172980891163639	-0.8182425720823384	-0.10845249311375105	0.5577623379121308	1.2076013139246438	-0.12359507485526312	0.6949280789710643
-9.098	-1.2481526999726948	-0.5400790455139791	0.15580378057942657	0.8205979035321637	1.537818550334176	0.15196489432127278	0.7024088651063205
-9.048	-0.9671913071532791	-0.2705304885287751	0.41910776928579163	1.1017079429821819	1.9017830231365183	0.42777994680057646	0.7180126839596996
-8.998	-0.7041892932951025	-0.005859153476435894	0.6857945490042866	1.3804668397419382	2.279354596384033	0.7035949992798763	0.7416720851657735
-8.948	-0.4262036783197579	0.24457859770073048	0.949479672529339	1.6832689070051745	2.6719034518960183	0.9794100517591661	0.7726474076455245
-8.898	-0.18337919794021182	0.49339364020434245	1.2034654849778337	1.9725238997575654	3.053540690365576	1.2552251042384677	0.8100998816248685
-8.848	0.07975917250891428	0.7412475170578492	1.4561415551328307	2.281980682049627	3.4539865817187647	1.5308909989725148	0.8524629090066446
-8.798	0.3102305396641588	0.9818240067201197	1.714121861835531	2.5926218694094043	3.8819051315378323	1.8055316043227416	0.8952152294825992
-8.748	0.5494980792864579	1.2202667987733933	1.9617808761789666	2.9110032336445704	4.323121151293059	2.0786220886584235	0.9361685037413996
-8.698	0.7831456220492037	1.4479505684500367	2.2229897985412705	3.234926610667228	4.737168985819579	2.349622916575802	0.9743275118483491
-8.648	1.0015044460253948	1.6733326453530442	2.4830814184434233	3.558394006253182	5.1120335326979385	2.617995164587619	1.0089177201038393
-8.598	1.204661891096769	1.9012838990861332	2.7407257587375136	3.8871140033504252	5.397502358064717	2.8819526691062194	1.0359722743908255
-8.548	1.4049169794918825	2.1204723017929754	2.9964720167222407	4.2279556017713915	5.5339223265508695	3.1399262684954854	1.0536524801124834
-8.498	1.6099235839968975	2.3395293829934163	3.2567680296757056	4.552991809315032	5.639948413827858	3.3911399273716882	1.062863384083206
-8.448	1.808857648221165	2.56556795772681	3.5213696254436035	4.8579644277736085	5.7476707992001925	3.6334270052381576	1.061797341206625
-8.398	2.0176477157659622	2.7887287199412816	3.780748960496728	5.099623544569657	5.813638617212369	3.8648566718797777	1.0496248804175348
-8.348	2.218351571815852	3.0055328939299857	4.035828865836932	5.277238012641546	5.887285679214547	4.084543357407903	1.027329902051599
-8.298	2.4130308483551692	3.2224630250813413	4.293142805703869	5.417149422983809	5.941946071832454	4.290579976200975	0.9949173987981991
-8.248	2.6025038563594647	3.4335233795207496	4.543913503096743	5.5136929671892565	6.000392826641064	4.4819824907457235	0.954117993511758
-8.198	2.808305641774124	3.6448441289542712	4.7857935616743355	5.591496174644103	6.052338629265186	4.657931790082273	0.9064703885665012
-8.148	3.0006648104900324	3.855510829828967	4.997212822548077	5.661320872490679	6.087273678556497	4.818347844040667	0.8540299480482405
-8.098	3.199709797555032	4.068941546390984	5.15647873894347	5.725697157126656	6.127447013831522	4.963156758956112	0.7987592373370344
-8.048	3.3906395107878304	4.281758578695672	5.272847277448731	5.780267085064874	6.161669560158709	5.093090573882389	0.741954652191048
-7.998	3.5792227438442143	4.48364150474919	5.364518611736383	5.83013279322951	6.194986181905723	5.2085633064788714	0.685234387700154
-7.948	3.761803408408295	4.681257853072277	5.447876616892067	5.872623020076408	6.2297924102392175	5.311566622358384	0.6308637540762285
-7.898	3.94272317719434	4.850623670658651	5.520790745229631	5.918285307922108	6.269280902310422	5.403666160848146	0.5805642974922887
-7.848	4.121330207368919	4.997107051648712	5.580249570743696	5.960252459761438	6.299993936865849	5.486089262060615	0.5351900648491951
-7.798	4.311015139422629	5.11861465613426	5.6366504903587344	6.000515348836096	6.321974233263983	5.559900956217804	0.49484213298925994
-7.748	4.485047042672112	5.215741860945463	5.694633293109337	6.039151711341295	6.355935543383671	5.627590788743038	0.4595524774099724
-7.698	4.662660463577097	5.302832052819519	5.744154443822191	6.078925827565617	6.385655633501069	5.690134481407971	0.42926868122775286
-7.648	4.818573037038479	5.384140449738628	5.791915770173301	6.119562387492531	6.416608301437189	5.749349878425756	0.403609229747846
-7.598	4.9341994579222925	5.4601215099069575	5.842712862728167	6.159830242487066	6.451336557464937	5.80611828143866	0.38215238430656046
-7.548	5.051559773995755	5.528762999768642	5.892629974478988	6.200392634272797	6.4869898994068045	5.86110893351182	0.36416681380485166
-7.498	5.146583593012464	5.593013948157348	5.943302208942997	6.2413342232216555	6.520970671072652	5.9148833883626635	0.34903771236625497
-7.448	5.243252480384658	5.657588828076111	5.99082947585862	6.287423062760319	6.561240967428571	5.967955932360808	0.3359693828098883
-7.398	5.328285636547346	5.717945292341529	6.039571815480734	6.332854390899226	6.613074701863867	6.020537461001504	0.32510287419897116
-7.348	5.412284725920956	5.775979340442739	6.087203617745346	6.377053536386646	6.658056718569393	6.072815088941435	0.3161875670036869
-7.298	5.482645864471694	5.831267468527688	6.135180502473283	6.425530617082656	6.707621697166426	6.124864745473684	0.30914347244152474
-7.248	5.554474287549422	5.886071946482374	6.182497402822245	6.472475812754179	6.762056105060012	6.176808170614086	0.30361163584935896
-7.198	5.630461234719577	5.937119237673417	6.229817200916498	6.523459357395382	6.818290197351539	6.228612792238747	0.29951904142834607
-7.148	5.699640166504869	5.988357736164836	6.278197914671831	6.572935821817227	6.869905804582074	6.280348590866028	0.29705503715484244
-7.098	5.757005124066526	6.038448985594935	6.325427030858396	6.621088105629218	6.9256992599852865	6.331849007284902	0.29593485683229853
-7.048	5.8068957394413205	6.089995417117544	6.373726473585636	6.670713495790128	6.97831130939439	6.383030345494758	0.2961473300293495
-6.998	5.86539243406062	6.1408758937971015	6.4213048952182685	6.725105904427949	7.032232146316656	6.433620471860291	0.2973740437185185
-6.948	5.912839718431148	6.188212667346708	6.4720203922218	6.778148147612595	7.0868620278855845	6.483282744191266	0.2991638695020479
-6.898	5.9626170984929505	6.232723247696009	6.521030577519446	6.830116782004831	7.137120345072742	6.531681875307775	0.3010770518909621
-6.848	6.005287352641131	6.277076611008104	6.567499291761303	6.881595341815658	7.179615667536016	6.5780540065198645	0.302601945577175
-6.798	6.041973501471856	6.318931673723619	6.613835775518099	6.927286253493206	7.222314505546898	6.621234525242906	0.3033136383713991
-6.748	6.078807389292676	6.360108326020818	6.652937646233205	6.9694456453875935	7.264404916562307	6.659985188449211	0.3032220039394943
-6.698	6.104910006135379	6.392130704017309	6.687828685275199	6.999185118091404	7.301251920038146	6.693309421508691	0.3028150271881411
-6.648	6.1227259764085185	6.419897508207005	6.712698930763503	7.020056696602729	7.310444119707356	6.719183367479005	0.3022444274003016
-6.598	6.137658733627441	6.439982313262605	6.732132274701765	7.034216318556352	7.327909552192279	6.735855134915282	0.30171150098208527
-6.548	6.145679667774929	6.445378262200095	6.742195516477597	7.04425598951558	7.3327674937073795	6.741883884484145	0.3014713086356588
-6.498	6.144934974798887	6.439933595466586	6.736720754616671	7.038595830334545	7.337813541693205	6.737713754237115	0.30102252850375316
-6.448	6.139057957045141	6.4275769284326305	6.723360478222496	7.024922846555484	7.322707580317716	6.724386803049819	0.2993634637789733
-6.398	6.131755809599104	6.413325731258868	6.703725498413714	7.002642175793602	7.29478667688279	6.704169073286931	0.2965823786671586
-6.348	6.118612930507392	6.392815471551204	6.678799320434783	6.974409982715657	7.261246733526182	6.6797698235191145	0.2924624265510151
-6.298	6.104222244262848	6.370401916643454	6.654156281586776	6.944016727674342	7.222830177680892	6.653701714270705	0.2877517500424673
-6.248	6.0862836479378375	6.347647349061239	6.626221102928358	6.911001758445514	7.187723742899076	6.626920335872592	0.2827946210684612
-6.198	6.066909121782558	6.324930671951957	6.599860007659487	6.87713002876565	7.153402674274536	6.599902791839977	0.27781862963263426
-6.148	6.0490920604700165	6.303109699294802	6.573250485877792	6.842494459228886	7.115872496939631	6.572707360765944	0.2727431936679255
-6.098	6.031895494596242	6.281010845437792	6.5454252546644	6.810249174716276	7.076467491979835	6.545490066658814	0.2677754102008874
-6.048	6.014133169509187	6.258252189794848	6.517470070748892	6.778713643476227	7.04112579439999	6.518272772551684	0.2629495161475777
-5.998	5.996636645272003	6.236134366754475	6.4904143365095095	6.747051588371334	7.005582796303551	6.491055478444551	0.25827346533113665
-5.948	5.978005918924083	6.214407999155136	6.463350199623623	6.716038954307899	6.968917120242212	6.463838184337391	0.253755541543391
-5.898	5.957346484815635	6.189950913877748	6.43654791497392	6.682994737414971	6.935265954738226	6.43662089023029	0.24940433827767106
-5.848	5.938282250967652	6.168510194674124	6.409254120392184	6.651378817189709	6.904280582070688	6.409403596123163	0.24522873028538653
-5.798	5.9209062682144165	6.143222077630265	6.382403493149521	6.6210014664797	6.869588026835999	6.382186302016023	0.241237835923307
-5.748	5.901752835187327	6.119362472409235	6.353885387841871	6.589553428856377	6.835779315346696	6.35496900790886	0.23744096934281322
-5.698	5.878964831294437	6.0942307867063	6.325454612156431	6.557581007952497	6.803251728216374	6.327751713801749	0.23384758173191894
-5.648	5.859734894614658	6.070402754487574	6.298829502019069	6.527728169896725	6.771590830907302	6.300534419694631	0.2304671910689141
-5.598	5.838231440027462	6.046729851292158	6.271412016699528	6.497998264421673	6.736928506422759	6.273317125587484	0.22730930019346265
-5.548	5.818038177159937	6.021634772708216	6.244942740772879	6.4685905712855165	6.703517738052024	6.246099831480342	0.22438330345104793
-5.498	5.796949296523294	5.997159634322322	6.218854192877602	6.437374093338502	6.673760230464245	6.218882537373209	0.22169838271553868
-5.448	5.773515609822876	5.973246259162504	6.192029027140583	6.40676671543589	6.638080170186112	6.191665243266096	0.2192633942264033
-5.398	5.747801417183642	5.947168616150972	6.165689261000056	6.377934024938346	6.60450563104664	6.1644479491589745	0.21708674836248787
-5.348	5.722189599787187	5.920748431809894	6.138159313588663	6.348969005401764	6.572030737207762	6.137230655051834	0.21517628516969511
-5.298	5.699356115025017	5.895690008763724	6.109389446779046	6.3205446832736945	6.545744656382594	6.110013360944696	0.21353914910896168
-5.248	5.669293139707261	5.870473512096626	6.0824367597035875	6.293007595149367	6.514858010788678	6.082796066837546	0.21218166702815297
-5.198	5.643565289828137	5.844769789052014	6.054708158797115	6.266133319157938	6.482003585142196	6.055578772730445	0.21110923371901433
-5.148	5.619750362761356	5.818188154290957	6.027908653954547	6.237989571585871	6.451203041127416	6.0283614786232995	0.2103262095363537
-5.098	5.593886866737069	5.791668922779528	6.00124152930162	6.211599253253809	6.424321557263106	6.00114418451617	0.20983583438571252
-5.048	5.565600607565768	5.765821713837501	5.973847257146321	6.183436663197339	6.392261130200762	5.973926890409052	0.2096401619076924
-4.998	5.535515751727353	5.739286025118671	5.9458135659448486	6.157398898796632	6.36284898782795	5.946709596301908	0.2097400169136442
-4.948	5.504658215237681	5.7115339873210615	5.918583107818783	6.130400684430198	6.3347534099055895	5.919492302194782	0.21013497810480117
-4.898	5.478932933921136	5.6828484394899395	5.890835732912093	6.10388188406409	6.3097560033149005	5.892275008087632	0.2108233869123442
-4.848	5.450533683693511	5.652528518946442	5.863829561155142	6.077990404257976	6.278846708869522	5.865057713980493	0.21180238202908896
-4.798	5.416934018663286	5.623589047676386	5.8371414669954245	6.052930309015832	6.248510005182443	5.837840419873404	0.21306795797378175
-4.748	5.382912053445664	5.593835060295642	5.809781647645561	6.026941690567815	6.223933944678008	5.81062312576623	0.2146150449408324
-4.698	5.35297405782279	5.565634904679215	5.7818792921138344	6.000165118483611	6.197684197788433	5.783405831659118	0.21643760632734532
-4.648	5.321832092840609	5.536735661423363	5.75497705622524	5.974031887785153	6.177435681779168	5.756188537551984	0.21852874975248343
-4.598	5.290639604059832	5.505978422427179	5.728541207322303	5.948115136926106	6.155754428940696	5.728971243444864	0.22088084711439673
-4.548	5.261308988571179	5.479268826214267	5.70324060442946	5.923125839172666	6.13462001443511	5.701753949337729	0.2234856592568762
-4.498	5.228437360414654	5.449045765809874	5.675024426759826	5.89910700427456	6.114131231472333	5.6745366552305825	0.2263344611032636
-4.448	5.19446549187851	5.418722555361782	5.648367112693115	5.875246958479205	6.09375855358611	5.647319361123453	0.22941816360141634
-4.398	5.157267572876249	5.388543968143874	5.621561748335069	5.8525858085296445	6.072056537042544	5.620102067016343	0.2327274294437696
-4.348	5.1206078794423044	5.356490528242492	5.594224516406664	5.828316755624209	6.0511434711212	5.592884772909176	0.2362527802136526
-4.298	5.086706444182768	5.325820996537269	5.566825358519513	5.804229700440487	6.030971334290896	5.565667478802069	0.23998469330308075
-4.248	5.050108316927637	5.294797051232745	5.540029115525027	5.780757399069009	6.011278426596351	5.538450184694929	0.24391368760031454
-4.198	5.017671127240503	5.2647296176559255	5.513036699197779	5.756800869909515	5.994621338191598	5.511232890587793	0.24803039752359182
-4.148	4.983298799283614	5.2324798005478295	5.486352076288062	5.7342494226698175	5.975597125366149	5.4840155964806625	0.25232563546052056
-4.098	4.945870213338991	5.201968810695728	5.460067656737692	5.711404232592217	5.959056293749823	5.456723604857724	0.2567808242973547
-4.048	4.904784797093202	5.169697195698965	5.432010476803036	5.686241597026718	5.940156240656589	5.42826905651475	0.26155838642462476
-3.998	4.860758404756491	5.129976784661468	5.399573741480637	5.66029016949797	5.91721440507283	5.396054070887632	0.2670706322606768
-3.948	4.8120143411356056	5.087459301284112	5.359769944377152	5.629350044998473	5.897916201507416	5.358249543978024	0.2737810487234472
-3.898	4.749642740553384	5.022261667720918	5.305212570309016	5.577031415178559	5.852821781956897	5.302459823355765	0.27988629719334773
-3.848	4.674818574690074	4.9441646929824214	5.226751002133195	5.501472677958661	5.788888774268001	5.224910157703577	0.2804929476137735
-3.798	4.5957735362274725	4.859804782657886	5.135525179121184	5.406540790281754	5.690766382729423	5.135220523484828	0.27590277395045654
-3.748	4.514945980638866	4.774357591887445	5.040608879051455	5.309166585972293	5.587318786985675	5.043358826973368	0.2703265824576321
-3.698	4.436670539998613	4.688386324310616	4.946376525480449	5.209080912501735	5.479973878924342	4.949501949474699	0.26280540713797246
-3.648	4.358281028628954	4.602058131523692	4.852917826574593	5.107006987696995	5.364132357327034	4.855345944270091	0.2552060377146337
-3.598	4.280611931013127	4.516451644445264	4.759399424867537	5.00505267711802	5.256301561564741	4.7611899390655426	0.24798888568421096
-3.548	4.197552569007229	4.429371712008144	4.664990980883126	4.903813391047004	5.149009576204406	4.667033933860942	0.2411882651200828
-3.498	4.1166886019144	4.341593188837502	4.571157099759212	4.804339755526083	5.041891841703521	4.5728779286563865	0.23484036516795861
-3.448	4.0344222269170205	4.2530306134878115	4.476995108158843	4.703592510655994	4.935708575510554	4.478721923451814	0.22898284010958214
-3.398	3.9516875554247277	4.1651848717598075	4.3825313100738175	4.602642431367832	4.834992778015386	4.384565918247233	0.22365422215761144
-3.348	3.866487816681628	4.076465389084396	4.288800077325872	4.503469356626012	4.73188087369671	4.290409913042672	0.21889314101873467
-3.298	3.780820356285103	3.986708019773808	4.194414469839805	4.4060251072569985	4.628831243381694	4.196253907838094	0.2147373496926293
-3.248	3.6921376295700177	3.8974472684031864	4.099241760672011	4.3096778546831995	4.528553137182095	4.1020979026335205	0.21122257832160665
-3.198	3.6031391271083772	3.804974359007748	4.006406826747023	4.212542180570539	4.4290496685837555	4.00794189742894	0.20838126572339866
-3.148	3.5088018120699784	3.7127202865141897	3.9134374188678427	4.116833562963447	4.326435088481685	3.9137858922243827	0.20624124778518363
-3.098	3.412786984206046	3.618834242565354	3.8180095756715287	4.021757213638788	4.226728258281582	3.819629887019795	0.20482450718441594
-3.048	3.321571211217453	3.5244421081385946	3.7236512774423187	3.9273368489598175	4.133693572173799	3.725473881815228	0.2041461027561729
-2.998	3.22169061871364	3.432243378924307	3.6303386624219995	3.8320599572449647	4.038093398897043	3.631317876610663	0.2042133929730724
-2.948	3.1222078001796016	3.337260119461483	3.536891490247692	3.7394008933541274	3.938518764403319	3.537161871406071	0.2050256436167457
-2.898	3.026509459268369	3.243193526885773	3.4425874537545873	3.648715101895879	3.8458625434078324	3.443005866201505	0.2065740673056339
-2.848	2.9296046318980755	3.1481856506421515	3.3492215012424658	3.5613087979572526	3.7562325659300195	3.348849860996938	0.20884229001275165
-2.798	2.829508434150527	3.047435270241724	3.256423248139305	3.469001767633486	3.6637952049366613	3.2546938557923486	0.21180718822597394
-2.748	2.7313361945254364	2.949051944109295	3.161581334135286	3.3790173647960016	3.5723470053665216	3.1605378505877835	0.21544000079479655
-2.698	2.6275747061841397	2.850606308461745	3.0673841571334246	3.290024302035994	3.486284107440165	3.0663818453832135	0.21970759880481158
-2.648	2.52457025080587	2.7508744368772367	2.9746473356655105	3.201655908977101	3.4004053405230055	2.9722258401786394	0.22457379650025064
-2.598	2.419183574838693	2.650890653866951	2.8801380700540578	3.113032391117077	3.312668331560473	2.878069834974077	0.230000602712996
-2.548	2.3122407145253034	2.551088216704438	2.7865562937686534	3.024379478527532	3.227092442996035	2.7839138297695047	0.23594933882931826
-2.498	2.2027271015439536	2.451057379092797	2.6914766221312383	2.9381997338689203	3.14551927504269	2.6897578245649254	0.24238157894421172
-2.448	2.094873902474251	2.351144180132497	2.5973302313275513	2.85182853065268	3.0676353379772174	2.595601819360349	0.24925989489051656
-2.398	1.9874402983568935	2.2460953677376776	2.5038635697943263	2.766889664574132	2.983949119997391	2.5014458141557814	0.25654840997756956
-2.348	1.8785077369176673	2.1439451928815276	2.4098011218746804	2.679223013233856	2.9008824015731527	2.4073300931734476	0.26416922735549225
-2.298	1.797497728342441	2.0613116011507784	2.322735470642532	2.597158495256	2.8197437681610023	2.3237054112789366	0.26443243870270994
-2.248	1.7461785492069055	1.9936563105642962	2.2474987131081257	2.5192241850189667	2.7452603704298904	2.251454216619568	0.2592225867595555
-2.198	1.6963165592756153	1.9372858093884247	2.180152249210444	2.451663878507576	2.675289206586806	2.1876415620335923	0.2539589645954252
-2.148	1.6551337402974204	1.8911548256068138	2.1293731536048246	2.3924354357458406	2.6124525498603193	2.1360805282762563	0.24820390208272472
-2.098	1.6187271365108693	1.8491522486141363	2.0811636418522905	2.3389171752852147	2.5541838666295695	2.0878578400751153	0.24259153320584181
-2.048	1.5821717394807648	1.8069477608091966	2.0334540245446795	2.285164849170155	2.496426056163048	2.0396587347242763	0.23699581946705203
-1.998	1.5427673598186356	1.7644063057799713	1.9853844325367636	2.2314240318973058	2.4366026158708856	1.991459629373431	0.23140602669873736
-1.948	1.506131831012762	1.7217282588340326	1.937596345423611	2.1770350792953272	2.3777987428442335	1.9432605240225884	0.22582259458714876
-1.898	1.469526125467923	1.6789936788635929	1.8896970973166862	2.1229954339204777	2.3189627837265774	1.8950614186717483	0.2202460068777299
-1.848	1.4325928388424762	1.6359729625033341	1.8412938439583555	2.0687502964535542	2.259736599861295	1.846862313320912	0.21467679695541497
-1.798	1.394172137795231	1.5937369557674363	1.793320493673023	2.0147575335858505	2.2005278970556614	1.7986632079700715	0.20911555428142173
-1.748	1.3560858123653468	1.5513221727381643	1.745472023514471	1.96122553818427	2.142636172107589	1.750464102619236	0.20356293184112395
-1.698	1.3170969181377294	1.509214379490704	1.697812929493564	1.9076292942967787	2.08391775579045	1.7022649972683919	0.19801965478966943
-1.648	1.280660778364185	1.46651764455985	1.649555562505863	1.8541997026870118	2.0259115389429	1.6540658919175535	0.19248653052155115
-1.598	1.2431288678378394	1.4234338231614259	1.6017614572089716	1.800740747063743	1.9682247477509485	1.605866786566714	0.1869644604393208
-1.548	1.2051687980402992	1.3812493571312368	1.5535951178072085	1.747009690317553	1.90856102013666	1.557667681215877	0.18145445375753863
-1.498	1.16712347826784	1.33840738629813	1.5051824972833563	1.692773768491359	1.850785207894419	1.509468575865036	0.17595764375401687
-1.448	1.1292828621181232	1.2955617899171334	1.456856746239477	1.639119861665011	1.7919332241297423	1.4612694705141906	0.17047530697559155
-1.398	1.0913678984672728	1.2525297603576484	1.4092065696467921	1.5850822092553716	1.7335682585648078	1.413070365163357	0.1650088860253203
-1.348	1.0535093693499877	1.2095906080985837	1.3620340943896134	1.5309292891427257	1.6744848088120203	1.3648712598125188	0.15956001670891834
-1.298	1.0167761616408244	1.1662656208635418	1.3140280206612571	1.4767824271559384	1.6165102075994653	1.3166721544616744	0.15413056050933435
-1.248	0.9775386653330741	1.1231468174700536	1.2667790740407165	1.4226017232740322	1.5583818310513324	1.2684730491108362	0.14872264360086906
-1.198	0.9396430700462547	1.079431879306312	1.2187186044357017	1.3687969974733873	1.4995777440571687	1.2202739437599963	0.14333870392283676
-1.148	0.9027738593182285	1.0366196296978296	1.1704966282916915	1.3147271248051333	1.4399310611125917	1.1720748384091586	0.13798154822607417
-1.098	0.8659035433937747	0.9932436579378434	1.1218737536770802	1.2608464678044986	1.3810791778034301	1.1238757330583158	0.13265442150711873
-1.048	0.8289219456368452	0.9507220011262452	1.0736864022991472	1.2065363062199412	1.3204926471824905	1.0756766277074794	0.12736109188386563
-0.998	0.7901495526028764	0.9074217312663748	1.025559540626392	1.1527070482854818	1.2616590782723973	1.0274775223566406	0.12210595477801545
-0.948	0.7519905469820135	0.8639936647198108	0.9775784880582007	1.0996559992554107	1.2023840074885996	0.9792784170058016	0.11689416129383527
-0.898	0.7132918501190803	0.8209949951543194	0.9293274680798812	1.0461415299661938	1.1439602655675425	0.9310793116549642	0.11173177696101419
-0.848	0.6750009625182116	0.7777615015534162	0.8812274087565981	0.9929518218436342	1.0880756544389698	0.882880206304119	0.10662597857501985
-0.798	0.6365206828312148	0.7337259619333633	0.832774476699921	0.9385590899566911	1.0309919741938507	0.8346811009532809	0.10158529872591567
-0.748	0.5989185698003353	0.6900301110831634	0.7843594737881936	0.8857285080106705	0.9740107434517512	0.7864819956024409	0.09661992969012452
-0.698	0.5614386084999152	0.6470234828380117	0.7365946217885266	0.8328707584049033	0.9156361642930317	0.7382828902516022	0.09174210045204893
-0.648	0.5222028761780161	0.6042471012310219	0.688529984985742	0.7794831194483602	0.8584984438382021	0.6900837849007626	0.08696654220630648
-0.598	0.48260835541634894	0.5602072444450888	0.6406166934887665	0.7258745316825455	0.8015517430818737	0.6418846795499242	0.08231105768502102
-0.548	0.44375958609032873	0.5169080495353281	0.592177890927608	0.6728288350310183	0.7446263977141782	0.5936855741990851	0.07779720597213388
-0.498	0.4043423452579412	0.4727581060269683	0.5448925236597246	0.61968948941857	0.6872825806242917	0.5454864688482436	0.07345110334673359
-0.448	0.3644101801469773	0.42934982556117035	0.4966020884031721	0.5672628263515269	0.6302639340023379	0.4972873634974043	0.06930431584376699
-0.398	0.323155838216394	0.3850703157285682	0.44826819234063064	0.5149635165273819	0.574872850654837	0.4490882581465659	0.06539477113830189
-0.348	0.2812052339169903	0.3401231412289584	0.40074925424769725	0.46326887282142915	0.5197412662723672	0.40088915279572535	0.06176753415692825
-0.298	0.23937041066939363	0.2946111739559991	0.35278872583768406	0.4112777995834144	0.4658944855517141	0.3526900474448865	0.058475163491536024
-0.248	0.19748240963228367	0.24896619705940637	0.3053194573580835	0.3601305491034508	0.4117639767252748	0.304490942094046	0.05557720306775627
-0.198	0.15445192237764493	0.20269206225445388	0.2571944481615366	0.3088979238873173	0.3598348246232954	0.2562918367432062	0.053138221105392076
-0.148	0.10849246407931536	0.15575160343431002	0.20869483086083382	0.25922037266043135	0.3088701114636873	0.20809273139236747	0.05122382130995896
-0.098	0.0623044214196549	0.10889243000861827	0.16042836963983792	0.20957438617893084	0.2572153657207522	0.1598936260415271	0.049894423364558946
-0.048	0.014406626345506613	0.061277656464629765	0.11212521488678551	0.16044470665965863	0.20740456001847352	0.11169452069068848	0.04919747333052017
0.002	-0.033423528747307654	0.013454727968054279	0.06407800380184613	0.11268204062371256	0.15701635544768694	0.0634954153398488	0.049159877616515885
0.052	-0.08262921904249294	-0.03503722213233588	0.016256788800603685	0.06553191896582429	0.1087957419248349	0.01529630998900899	0.04978313005800811
